0, 0, Header, 1, 2, 384
1, 0, Start_track
1, 0, Tempo, 500000
1, 0, Time_signature, 4, 2, 24, 8
1, 1, End_track
2, 0, Start_track
2, 1128, Control_c, 0, 64, 127
2, 1212, Note_on_c, 0, 70, 91
2, 1610, Note_on_c, 0, 51, 60
2, 1678, Note_on_c, 0, 58, 72
2, 1705, Control_c, 0, 64, 0
2, 1719, Note_on_c, 0, 79, 98
2, 1720, Note_on_c, 0, 70, 0
2, 1724, Note_on_c, 0, 63, 71
2, 1727, Note_on_c, 0, 75, 86
2, 1728, Note_on_c, 0, 70, 82
2, 1732, Note_on_c, 0, 67, 82
2, 1774, Control_c, 0, 64, 127
2, 1970, Note_on_c, 0, 81, 96
2, 2225, Note_on_c, 0, 82, 94
2, 2476, Note_on_c, 0, 77, 94
2, 2610, Note_on_c, 0, 53, 65
2, 2672, Note_on_c, 0, 60, 46
2, 2675, Note_on_c, 0, 69, 54
2, 2680, Note_on_c, 0, 69, 0
2, 2691, Note_on_c, 0, 58, 0
2, 2691, Note_on_c, 0, 82, 0
2, 2691, Note_on_c, 0, 67, 0
2, 2691, Note_on_c, 0, 81, 0
2, 2692, Control_c, 0, 64, 0
2, 2692, Note_on_c, 0, 75, 0
2, 2693, Note_on_c, 0, 77, 0
2, 2695, Note_on_c, 0, 51, 0
2, 2703, Note_on_c, 0, 63, 0
2, 2703, Note_on_c, 0, 70, 0
2, 2712, Note_on_c, 0, 65, 70
2, 2718, Note_on_c, 0, 79, 0
2, 2726, Note_on_c, 0, 79, 98
2, 2736, Note_on_c, 0, 72, 84
2, 2744, Note_on_c, 0, 69, 76
2, 2826, Control_c, 0, 64, 127
2, 2982, Note_on_c, 0, 77, 94
2, 3221, Note_on_c, 0, 70, 90
2, 3463, Note_on_c, 0, 72, 0
2, 3469, Note_on_c, 0, 72, 94
2, 3618, Note_on_c, 0, 55, 72
2, 3666, Note_on_c, 0, 62, 63
2, 3688, Control_c, 0, 64, 0
2, 3689, Note_on_c, 0, 65, 0
2, 3690, Note_on_c, 0, 69, 0
2, 3692, Note_on_c, 0, 53, 0
2, 3692, Note_on_c, 0, 77, 0
2, 3694, Note_on_c, 0, 70, 0
2, 3698, Note_on_c, 0, 72, 0
2, 3698, Note_on_c, 0, 67, 82
2, 3701, Note_on_c, 0, 75, 96
2, 3701, Note_on_c, 0, 60, 0
2, 3704, Note_on_c, 0, 70, 85
2, 3717, Note_on_c, 0, 79, 0
2, 3801, Control_c, 0, 64, 127
2, 3960, Note_on_c, 0, 74, 95
2, 4215, Note_on_c, 0, 69, 94
2, 4454, Note_on_c, 0, 70, 0
2, 4462, Note_on_c, 0, 70, 95
2, 4723, Note_on_c, 0, 55, 0
2, 4723, Note_on_c, 0, 62, 0
2, 4723, Note_on_c, 0, 67, 0
2, 4723, Note_on_c, 0, 70, 0
2, 4723, Note_on_c, 0, 74, 0
2, 4727, Note_on_c, 0, 74, 93
2, 4729, Note_on_c, 0, 70, 85
2, 4730, Note_on_c, 0, 55, 76
2, 4734, Note_on_c, 0, 67, 75
2, 4734, Note_on_c, 0, 62, 74
2, 4766, Control_c, 0, 64, 0
2, 4773, Note_on_c, 0, 69, 0
2, 4773, Note_on_c, 0, 75, 0
2, 4869, Control_c, 0, 64, 127
2, 5242, Note_on_c, 0, 72, 92
2, 5254, Note_on_c, 0, 60, 73
2, 5256, Note_on_c, 0, 69, 74
2, 5257, Control_c, 0, 64, 0
2, 5257, Note_on_c, 0, 53, 69
2, 5276, Note_on_c, 0, 55, 0
2, 5283, Note_on_c, 0, 62, 0
2, 5291, Note_on_c, 0, 67, 0
2, 5299, Note_on_c, 0, 70, 0
2, 5299, Note_on_c, 0, 74, 0
2, 5376, Control_c, 0, 64, 127
2, 5756, Note_on_c, 0, 70, 88
2, 5756, Note_on_c, 0, 63, 72
2, 5763, Note_on_c, 0, 51, 66
2, 5764, Note_on_c, 0, 58, 68
2, 5764, Note_on_c, 0, 67, 79
2, 5767, Note_on_c, 0, 63, 0
2, 5794, Note_on_c, 0, 69, 0
2, 5794, Note_on_c, 0, 60, 0
2, 5794, Note_on_c, 0, 53, 0
2, 5795, Control_c, 0, 64, 0
2, 5795, Note_on_c, 0, 72, 0
2, 5913, Control_c, 0, 64, 127
2, 6280, Note_on_c, 0, 79, 90
2, 6795, Control_c, 0, 64, 0
2, 6795, Note_on_c, 0, 78, 101
2, 6798, Note_on_c, 0, 51, 0
2, 6800, Note_on_c, 0, 58, 0
2, 6801, Note_on_c, 0, 67, 0
2, 6801, Note_on_c, 0, 70, 0
2, 6801, Note_on_c, 0, 62, 71
2, 6801, Note_on_c, 0, 79, 0
2, 6802, Note_on_c, 0, 66, 85
2, 6802, Note_on_c, 0, 50, 70
2, 6807, Note_on_c, 0, 57, 77
2, 6808, Note_on_c, 0, 69, 76
2, 6881, Control_c, 0, 64, 127
2, 7064, Note_on_c, 0, 74, 94
2, 7096, Note_on_c, 0, 50, 0
2, 7322, Note_on_c, 0, 84, 108
2, 7326, Note_on_c, 0, 78, 0
2, 7330, Note_on_c, 0, 42, 83
2, 7330, Note_on_c, 0, 81, 95
2, 7331, Note_on_c, 0, 30, 76
2, 7336, Note_on_c, 0, 72, 96
2, 7337, Note_on_c, 0, 78, 89
2, 7345, Control_c, 0, 64, 0
2, 7346, Note_on_c, 0, 62, 0
2, 7347, Note_on_c, 0, 74, 0
2, 7348, Note_on_c, 0, 66, 0
2, 7357, Note_on_c, 0, 57, 0
2, 7380, Note_on_c, 0, 69, 0
2, 7418, Control_c, 0, 64, 127
2, 7821, Note_on_c, 0, 42, 0
2, 7823, Note_on_c, 0, 84, 0
2, 7824, Note_on_c, 0, 81, 0
2, 7829, Control_c, 0, 64, 0
2, 7833, Note_on_c, 0, 30, 0
2, 7841, Note_on_c, 0, 72, 0
2, 7841, Note_on_c, 0, 78, 0
2, 7849, Note_on_c, 0, 82, 104
2, 7850, Note_on_c, 0, 43, 82
2, 7852, Note_on_c, 0, 31, 81
2, 7852, Note_on_c, 0, 79, 93
2, 7857, Note_on_c, 0, 70, 93
2, 7858, Note_on_c, 0, 74, 88
2, 7918, Control_c, 0, 64, 127
2, 8135, Note_on_c, 0, 50, 75
2, 8252, Note_on_c, 0, 55, 89
2, 8370, Note_on_c, 0, 57, 82
2, 8485, Note_on_c, 0, 58, 93
2, 8607, Note_on_c, 0, 62, 98
2, 8672, Note_on_c, 0, 67, 99
2, 8740, Note_on_c, 0, 69, 93
2, 8778, Note_on_c, 0, 70, 0
2, 8784, Note_on_c, 0, 70, 84
2, 8862, Note_on_c, 0, 74, 0
2, 8869, Note_on_c, 0, 74, 105
2, 9384, Note_on_c, 0, 31, 0
2, 9384, Note_on_c, 0, 43, 0
2, 9389, Note_on_c, 0, 31, 92
2, 9393, Note_on_c, 0, 43, 86
2, 9421, Note_on_c, 0, 58, 0
2, 9421, Note_on_c, 0, 74, 0
2, 9422, Note_on_c, 0, 82, 0
2, 9422, Note_on_c, 0, 62, 0
2, 9422, Note_on_c, 0, 50, 0
2, 9422, Note_on_c, 0, 57, 0
2, 9422, Note_on_c, 0, 69, 0
2, 9422, Note_on_c, 0, 67, 0
2, 9422, Note_on_c, 0, 31, 0
2, 9423, Note_on_c, 0, 55, 0
2, 9423, Note_on_c, 0, 70, 0
2, 9424, Note_on_c, 0, 79, 0
2, 9425, Note_on_c, 0, 43, 0
2, 9427, Control_c, 0, 64, 0
2, 9515, Note_on_c, 0, 31, 89
2, 9516, Note_on_c, 0, 43, 83
2, 9551, Note_on_c, 0, 31, 0
2, 9569, Note_on_c, 0, 43, 0
2, 9632, Note_on_c, 0, 70, 90
2, 9664, Note_on_c, 0, 69, 86
2, 9719, Note_on_c, 0, 70, 0
2, 9733, Note_on_c, 0, 65, 92
2, 9738, Note_on_c, 0, 69, 0
2, 9771, Note_on_c, 0, 60, 92
2, 9779, Note_on_c, 0, 65, 0
2, 9815, Note_on_c, 0, 60, 0
2, 9873, Note_on_c, 0, 62, 110
2, 9876, Control_c, 0, 64, 127
2, 9880, Note_on_c, 0, 58, 95
2, 9881, Note_on_c, 0, 31, 91
2, 9886, Note_on_c, 0, 55, 88
2, 9938, Note_on_c, 0, 31, 0
2, 9939, Control_c, 0, 64, 0
2, 10137, Note_on_c, 0, 55, 0
2, 10142, Note_on_c, 0, 55, 89
2, 10143, Note_on_c, 0, 52, 86
2, 10144, Note_on_c, 0, 43, 85
2, 10148, Note_on_c, 0, 60, 94
2, 10188, Note_on_c, 0, 52, 0
2, 10188, Note_on_c, 0, 43, 0
2, 10222, Note_on_c, 0, 58, 0
2, 10229, Note_on_c, 0, 55, 0
2, 10257, Note_on_c, 0, 31, 83
2, 10298, Note_on_c, 0, 31, 0
2, 10368, Control_c, 0, 64, 127
2, 10375, Note_on_c, 0, 62, 0
2, 10386, Note_on_c, 0, 62, 103
2, 10389, Note_on_c, 0, 58, 83
2, 10393, Note_on_c, 0, 43, 73
2, 10393, Note_on_c, 0, 53, 83
2, 10510, Note_on_c, 0, 31, 76
2, 10516, Note_on_c, 0, 64, 101
2, 10628, Note_on_c, 0, 65, 102
2, 10629, Note_on_c, 0, 43, 0
2, 10635, Note_on_c, 0, 43, 79
2, 10677, Control_c, 0, 64, 0
2, 10678, Note_on_c, 0, 58, 0
2, 10678, Note_on_c, 0, 62, 0
2, 10678, Note_on_c, 0, 43, 0
2, 10678, Note_on_c, 0, 31, 0
2, 10678, Note_on_c, 0, 64, 0
2, 10679, Note_on_c, 0, 53, 0
2, 10680, Note_on_c, 0, 60, 0
2, 10702, Note_on_c, 0, 65, 0
2, 10765, Note_on_c, 0, 64, 106
2, 10771, Note_on_c, 0, 55, 93
2, 10771, Note_on_c, 0, 33, 89
2, 10773, Note_on_c, 0, 60, 92
2, 10905, Control_c, 0, 64, 127
2, 11028, Note_on_c, 0, 33, 0
2, 11032, Note_on_c, 0, 33, 88
2, 11155, Note_on_c, 0, 45, 82
2, 11212, Note_on_c, 0, 33, 0
2, 11213, Note_on_c, 0, 45, 0
2, 11214, Note_on_c, 0, 55, 0
2, 11214, Control_c, 0, 64, 0
2, 11215, Note_on_c, 0, 60, 0
2, 11215, Note_on_c, 0, 64, 0
2, 11283, Note_on_c, 0, 33, 84
2, 11283, Note_on_c, 0, 60, 100
2, 11286, Note_on_c, 0, 52, 81
2, 11286, Note_on_c, 0, 57, 88
2, 11291, Note_on_c, 0, 55, 88
2, 11473, Control_c, 0, 64, 127
2, 11520, Note_on_c, 0, 52, 0
2, 11527, Note_on_c, 0, 33, 0
2, 11539, Note_on_c, 0, 33, 80
2, 11645, Control_c, 0, 64, 0
2, 11658, Note_on_c, 0, 60, 0
2, 11665, Note_on_c, 0, 33, 0
2, 11669, Note_on_c, 0, 60, 78
2, 11671, Note_on_c, 0, 33, 75
2, 11673, Note_on_c, 0, 55, 0
2, 11680, Note_on_c, 0, 55, 75
2, 11684, Note_on_c, 0, 45, 80
2, 11688, Control_c, 0, 64, 127
2, 11727, Note_on_c, 0, 55, 0
2, 11731, Note_on_c, 0, 55, 86
2, 11796, Note_on_c, 0, 45, 0
2, 11796, Note_on_c, 0, 57, 0
2, 11800, Note_on_c, 0, 57, 84
2, 11801, Note_on_c, 0, 45, 74
2, 11804, Note_on_c, 0, 33, 0
2, 11804, Note_on_c, 0, 60, 0
2, 11808, Note_on_c, 0, 60, 80
2, 11809, Note_on_c, 0, 33, 60
2, 11827, Control_c, 0, 64, 0
2, 11840, Note_on_c, 0, 45, 0
2, 11840, Note_on_c, 0, 55, 0
2, 11845, Note_on_c, 0, 57, 0
2, 11846, Note_on_c, 0, 60, 0
2, 11857, Note_on_c, 0, 33, 0
2, 11916, Note_on_c, 0, 62, 108
2, 11923, Note_on_c, 0, 53, 94
2, 11923, Note_on_c, 0, 58, 92
2, 11924, Note_on_c, 0, 31, 94
2, 11928, Note_on_c, 0, 55, 89
2, 11978, Note_on_c, 0, 53, 0
2, 11980, Note_on_c, 0, 31, 0
2, 11985, Note_on_c, 0, 58, 0
2, 12180, Note_on_c, 0, 55, 0
2, 12184, Note_on_c, 0, 60, 95
2, 12184, Note_on_c, 0, 52, 85
2, 12190, Note_on_c, 0, 57, 79
2, 12190, Note_on_c, 0, 43, 85
2, 12191, Note_on_c, 0, 55, 91
2, 12219, Note_on_c, 0, 52, 0
2, 12222, Note_on_c, 0, 43, 0
2, 12223, Note_on_c, 0, 60, 0
2, 12225, Note_on_c, 0, 55, 0
2, 12234, Note_on_c, 0, 57, 0
2, 12249, Note_on_c, 0, 62, 0
2, 12298, Note_on_c, 0, 31, 91
2, 12380, Control_c, 0, 64, 127
2, 12387, Note_on_c, 0, 31, 0
2, 12438, Note_on_c, 0, 53, 88
2, 12438, Note_on_c, 0, 62, 105
2, 12444, Note_on_c, 0, 58, 89
2, 12569, Note_on_c, 0, 63, 93
2, 12570, Note_on_c, 0, 66, 79
2, 12573, Note_on_c, 0, 65, 80
2, 12633, Note_on_c, 0, 65, 0
2, 12641, Note_on_c, 0, 65, 85
2, 12683, Note_on_c, 0, 67, 98
2, 12684, Note_on_c, 0, 55, 84
2, 12687, Note_on_c, 0, 43, 70
2, 12695, Note_on_c, 0, 63, 0
2, 12706, Note_on_c, 0, 63, 60
2, 12751, Note_on_c, 0, 53, 0
2, 12752, Note_on_c, 0, 43, 0
2, 12752, Note_on_c, 0, 58, 0
2, 12752, Note_on_c, 0, 62, 0
2, 12753, Note_on_c, 0, 67, 0
2, 12753, Note_on_c, 0, 65, 0
2, 12753, Note_on_c, 0, 63, 0
2, 12754, Control_c, 0, 64, 0
2, 12764, Note_on_c, 0, 66, 0
2, 12771, Note_on_c, 0, 55, 0
2, 12809, Note_on_c, 0, 68, 110
2, 12821, Note_on_c, 0, 63, 96
2, 12821, Note_on_c, 0, 66, 90
2, 12821, Note_on_c, 0, 60, 85
2, 12824, Note_on_c, 0, 32, 82
2, 12826, Note_on_c, 0, 44, 89
2, 12879, Control_c, 0, 64, 127
2, 12963, Note_on_c, 0, 44, 0
2, 13079, Note_on_c, 0, 32, 0
2, 13084, Note_on_c, 0, 44, 75
2, 13085, Note_on_c, 0, 32, 62
2, 13201, Note_on_c, 0, 70, 108
2, 13209, Note_on_c, 0, 60, 0
2, 13209, Note_on_c, 0, 63, 0
2, 13209, Note_on_c, 0, 66, 0
2, 13214, Note_on_c, 0, 66, 83
2, 13214, Note_on_c, 0, 63, 99
2, 13215, Note_on_c, 0, 60, 88
2, 13217, Note_on_c, 0, 32, 0
2, 13217, Note_on_c, 0, 44, 0
2, 13217, Note_on_c, 0, 68, 0
2, 13223, Note_on_c, 0, 32, 82
2, 13225, Note_on_c, 0, 68, 91
2, 13227, Note_on_c, 0, 44, 90
2, 13463, Note_on_c, 0, 32, 0
2, 13463, Note_on_c, 0, 44, 0
2, 13467, Note_on_c, 0, 44, 80
2, 13468, Note_on_c, 0, 32, 67
2, 13578, Note_on_c, 0, 60, 0
2, 13578, Note_on_c, 0, 63, 0
2, 13584, Note_on_c, 0, 72, 105
2, 13585, Note_on_c, 0, 44, 0
2, 13585, Note_on_c, 0, 66, 0
2, 13585, Note_on_c, 0, 68, 0
2, 13587, Note_on_c, 0, 60, 91
2, 13588, Note_on_c, 0, 63, 94
2, 13594, Note_on_c, 0, 44, 81
2, 13594, Note_on_c, 0, 66, 74
2, 13596, Note_on_c, 0, 68, 92
2, 13597, Note_on_c, 0, 56, 86
2, 13714, Note_on_c, 0, 51, 78
2, 13795, Note_on_c, 0, 43, 58
2, 13800, Note_on_c, 0, 43, 0
2, 13847, Note_on_c, 0, 70, 0
2, 13851, Note_on_c, 0, 70, 86
2, 13870, Note_on_c, 0, 72, 0
2, 13881, Note_on_c, 0, 72, 98
2, 13925, Note_on_c, 0, 56, 0
2, 13925, Note_on_c, 0, 51, 0
2, 13925, Note_on_c, 0, 68, 0
2, 13925, Note_on_c, 0, 66, 0
2, 13925, Note_on_c, 0, 72, 0
2, 13925, Control_c, 0, 64, 0
2, 13925, Note_on_c, 0, 32, 0
2, 13926, Note_on_c, 0, 70, 0
2, 13939, Note_on_c, 0, 44, 0
2, 13939, Note_on_c, 0, 63, 0
2, 13946, Note_on_c, 0, 60, 0
2, 13970, Note_on_c, 0, 62, 105
2, 13971, Note_on_c, 0, 65, 100
2, 13972, Note_on_c, 0, 74, 111
2, 13972, Note_on_c, 0, 31, 100
2, 13973, Note_on_c, 0, 43, 97
2, 13979, Note_on_c, 0, 71, 86
2, 14008, Note_on_c, 0, 31, 0
2, 14009, Note_on_c, 0, 43, 0
2, 14012, Note_on_c, 0, 65, 0
2, 14020, Note_on_c, 0, 62, 0
2, 14221, Note_on_c, 0, 64, 100
2, 14224, Note_on_c, 0, 57, 93
2, 14227, Note_on_c, 0, 60, 92
2, 14236, Note_on_c, 0, 41, 66
2, 14242, Note_on_c, 0, 50, 72
2, 14246, Note_on_c, 0, 41, 0
2, 14264, Note_on_c, 0, 60, 0
2, 14265, Note_on_c, 0, 57, 0
2, 14267, Note_on_c, 0, 64, 0
2, 14277, Note_on_c, 0, 71, 0
2, 14292, Note_on_c, 0, 50, 0
2, 14360, Note_on_c, 0, 43, 83
2, 14430, Control_c, 0, 64, 127
2, 14466, Note_on_c, 0, 65, 100
2, 14474, Note_on_c, 0, 62, 97
2, 14474, Note_on_c, 0, 55, 85
2, 14480, Note_on_c, 0, 58, 96
2, 14484, Note_on_c, 0, 55, 0
2, 14592, Note_on_c, 0, 43, 0
2, 14602, Note_on_c, 0, 43, 82
2, 14722, Note_on_c, 0, 43, 0
2, 14727, Note_on_c, 0, 53, 89
2, 14727, Note_on_c, 0, 50, 89
2, 14729, Note_on_c, 0, 43, 81
2, 14732, Note_on_c, 0, 31, 86
2, 14820, Note_on_c, 0, 76, 89
2, 14880, Note_on_c, 0, 77, 99
2, 14960, Note_on_c, 0, 76, 0
2, 14965, Note_on_c, 0, 76, 107
2, 14968, Note_on_c, 0, 43, 0
2, 14972, Note_on_c, 0, 67, 94
2, 14973, Note_on_c, 0, 72, 95
2, 14979, Note_on_c, 0, 43, 89
2, 14979, Note_on_c, 0, 33, 99
2, 14980, Note_on_c, 0, 45, 96
2, 15083, Note_on_c, 0, 72, 0
2, 15094, Note_on_c, 0, 72, 108
2, 15205, Note_on_c, 0, 74, 0
2, 15205, Note_on_c, 0, 53, 0
2, 15206, Note_on_c, 0, 50, 0
2, 15206, Note_on_c, 0, 62, 0
2, 15206, Note_on_c, 0, 43, 0
2, 15207, Note_on_c, 0, 31, 0
2, 15207, Note_on_c, 0, 67, 0
2, 15207, Note_on_c, 0, 76, 0
2, 15207, Note_on_c, 0, 65, 0
2, 15208, Note_on_c, 0, 77, 0
2, 15208, Note_on_c, 0, 58, 0
2, 15209, Control_c, 0, 64, 0
2, 15229, Note_on_c, 0, 33, 0
2, 15229, Note_on_c, 0, 45, 0
2, 15234, Note_on_c, 0, 33, 76
2, 15234, Note_on_c, 0, 45, 86
2, 15329, Control_c, 0, 64, 127
2, 15352, Control_c, 0, 64, 0
2, 15359, Note_on_c, 0, 67, 102
2, 15363, Note_on_c, 0, 64, 101
2, 15364, Note_on_c, 0, 52, 86
2, 15371, Note_on_c, 0, 55, 87
2, 15371, Note_on_c, 0, 60, 94
2, 15436, Control_c, 0, 64, 127
2, 15452, Note_on_c, 0, 52, 0
2, 15613, Note_on_c, 0, 33, 0
2, 15613, Note_on_c, 0, 45, 0
2, 15613, Note_on_c, 0, 72, 0
2, 15617, Note_on_c, 0, 72, 108
2, 15620, Note_on_c, 0, 33, 88
2, 15621, Note_on_c, 0, 45, 95
2, 15744, Note_on_c, 0, 55, 0
2, 15744, Note_on_c, 0, 60, 0
2, 15748, Note_on_c, 0, 52, 85
2, 15749, Note_on_c, 0, 60, 88
2, 15754, Note_on_c, 0, 43, 75
2, 15754, Note_on_c, 0, 55, 76
2, 15825, Note_on_c, 0, 71, 86
2, 15894, Note_on_c, 0, 70, 88
2, 15969, Note_on_c, 0, 71, 0
2, 15969, Note_on_c, 0, 70, 0
2, 15970, Note_on_c, 0, 67, 0
2, 15970, Note_on_c, 0, 72, 0
2, 15970, Note_on_c, 0, 69, 104
2, 15970, Note_on_c, 0, 52, 0
2, 15971, Note_on_c, 0, 55, 0
2, 15971, Note_on_c, 0, 60, 0
2, 15971, Note_on_c, 0, 64, 0
2, 15971, Note_on_c, 0, 33, 0
2, 15972, Note_on_c, 0, 65, 102
2, 15974, Note_on_c, 0, 43, 0
2, 15975, Note_on_c, 0, 62, 102
2, 15978, Control_c, 0, 64, 0
2, 15979, Note_on_c, 0, 31, 95
2, 15981, Note_on_c, 0, 43, 94
2, 15989, Note_on_c, 0, 45, 0
2, 16022, Note_on_c, 0, 31, 0
2, 16024, Note_on_c, 0, 43, 0
2, 16029, Note_on_c, 0, 62, 0
2, 16047, Note_on_c, 0, 65, 0
2, 16232, Note_on_c, 0, 57, 91
2, 16233, Note_on_c, 0, 64, 94
2, 16235, Note_on_c, 0, 60, 93
2, 16247, Note_on_c, 0, 50, 68
2, 16266, Note_on_c, 0, 57, 0
2, 16272, Note_on_c, 0, 60, 0
2, 16281, Note_on_c, 0, 64, 0
2, 16291, Note_on_c, 0, 50, 0
2, 16358, Note_on_c, 0, 43, 84
2, 16389, Note_on_c, 0, 69, 0
2, 16412, Control_c, 0, 64, 127
2, 16485, Note_on_c, 0, 65, 99
2, 16487, Note_on_c, 0, 62, 96
2, 16491, Note_on_c, 0, 58, 97
2, 16604, Note_on_c, 0, 43, 0
2, 16608, Note_on_c, 0, 43, 77
2, 16611, Note_on_c, 0, 70, 99
2, 16723, Note_on_c, 0, 50, 91
2, 16723, Note_on_c, 0, 69, 96
2, 16790, Note_on_c, 0, 62, 0
2, 16790, Note_on_c, 0, 65, 0
2, 16790, Note_on_c, 0, 50, 0
2, 16791, Note_on_c, 0, 58, 0
2, 16791, Note_on_c, 0, 70, 0
2, 16791, Control_c, 0, 64, 0
2, 16803, Note_on_c, 0, 43, 0
2, 16803, Note_on_c, 0, 69, 0
2, 16852, Note_on_c, 0, 68, 106
2, 16861, Note_on_c, 0, 32, 83
2, 16862, Note_on_c, 0, 61, 92
2, 16862, Note_on_c, 0, 63, 88
2, 16865, Note_on_c, 0, 58, 90
2, 16903, Control_c, 0, 64, 127
2, 17119, Note_on_c, 0, 51, 73
2, 17241, Note_on_c, 0, 80, 107
2, 17241, Note_on_c, 0, 61, 0
2, 17245, Note_on_c, 0, 61, 94
2, 17246, Note_on_c, 0, 70, 100
2, 17247, Note_on_c, 0, 79, 89
2, 17252, Note_on_c, 0, 75, 96
2, 17633, Note_on_c, 0, 68, 0
2, 17633, Note_on_c, 0, 70, 0
2, 17633, Note_on_c, 0, 75, 0
2, 17639, Note_on_c, 0, 87, 105
2, 17642, Note_on_c, 0, 68, 88
2, 17644, Note_on_c, 0, 70, 86
2, 17644, Note_on_c, 0, 75, 92
2, 18055, Note_on_c, 0, 32, 0
2, 18055, Note_on_c, 0, 58, 0
2, 18059, Note_on_c, 0, 58, 65
2, 18063, Note_on_c, 0, 43, 63
2, 18066, Note_on_c, 0, 50, 56
2, 18075, Note_on_c, 0, 68, 0
2, 18075, Note_on_c, 0, 61, 0
2, 18075, Note_on_c, 0, 80, 0
2, 18075, Note_on_c, 0, 51, 0
2, 18075, Note_on_c, 0, 63, 0
2, 18075, Note_on_c, 0, 87, 0
2, 18076, Note_on_c, 0, 75, 0
2, 18076, Note_on_c, 0, 70, 0
2, 18076, Control_c, 0, 64, 0
2, 18086, Note_on_c, 0, 79, 0
2, 18337, Note_on_c, 0, 79, 84
2, 18590, Note_on_c, 0, 74, 79
2, 18662, Control_c, 0, 64, 127
2, 18731, Note_on_c, 0, 72, 87
2, 18754, Note_on_c, 0, 58, 0
2, 18759, Note_on_c, 0, 58, 39
2, 18976, Note_on_c, 0, 67, 79
2, 19100, Note_on_c, 0, 70, 89
2, 19353, Note_on_c, 0, 67, 0
2, 19364, Note_on_c, 0, 67, 81
2, 19484, Note_on_c, 0, 70, 0
2, 19494, Note_on_c, 0, 70, 83
2, 19737, Note_on_c, 0, 72, 0
2, 19742, Note_on_c, 0, 72, 78
2, 19748, Note_on_c, 0, 55, 61
2, 19860, Note_on_c, 0, 70, 0
2, 19870, Note_on_c, 0, 70, 80
2, 19870, Note_on_c, 0, 57, 72
2, 19968, Note_on_c, 0, 58, 0
2, 19973, Note_on_c, 0, 58, 75
2, 20120, Note_on_c, 0, 65, 84
2, 20359, Note_on_c, 0, 79, 0
2, 20363, Note_on_c, 0, 79, 92
2, 20474, Note_on_c, 0, 79, 0
2, 20481, Note_on_c, 0, 79, 90
2, 20605, Note_on_c, 0, 74, 0
2, 20615, Note_on_c, 0, 74, 82
2, 20736, Note_on_c, 0, 72, 0
2, 20746, Note_on_c, 0, 72, 90
2, 20997, Note_on_c, 0, 67, 0
2, 21001, Note_on_c, 0, 67, 87
2, 21112, Note_on_c, 0, 70, 0
2, 21117, Note_on_c, 0, 70, 94
2, 21120, Note_on_c, 0, 43, 0
2, 21120, Note_on_c, 0, 50, 0
2, 21365, Note_on_c, 0, 67, 0
2, 21377, Note_on_c, 0, 67, 88
2, 21496, Note_on_c, 0, 70, 0
2, 21505, Note_on_c, 0, 70, 93
2, 21617, Note_on_c, 0, 57, 0
2, 21617, Note_on_c, 0, 74, 0
2, 21618, Note_on_c, 0, 72, 0
2, 21618, Note_on_c, 0, 79, 0
2, 21618, Note_on_c, 0, 65, 0
2, 21619, Note_on_c, 0, 70, 0
2, 21619, Control_c, 0, 64, 0
2, 21620, Note_on_c, 0, 55, 0
2, 21634, Note_on_c, 0, 58, 0
2, 21638, Note_on_c, 0, 43, 73
2, 21642, Note_on_c, 0, 67, 0
2, 21691, Note_on_c, 0, 50, 71
2, 21696, Control_c, 0, 64, 127
2, 21749, Note_on_c, 0, 55, 87
2, 21774, Note_on_c, 0, 72, 96
2, 21775, Note_on_c, 0, 70, 70
2, 21838, Note_on_c, 0, 57, 81
2, 21890, Note_on_c, 0, 60, 78
2, 21891, Note_on_c, 0, 58, 85
2, 21944, Note_on_c, 0, 65, 77
2, 21987, Note_on_c, 0, 70, 0
2, 21991, Note_on_c, 0, 70, 90
2, 22039, Note_on_c, 0, 50, 0
2, 22040, Note_on_c, 0, 55, 0
2, 22040, Note_on_c, 0, 58, 0
2, 22040, Control_c, 0, 64, 0
2, 22041, Note_on_c, 0, 57, 0
2, 22041, Note_on_c, 0, 65, 0
2, 22042, Note_on_c, 0, 60, 0
2, 22042, Note_on_c, 0, 72, 0
2, 22042, Note_on_c, 0, 70, 0
2, 22043, Note_on_c, 0, 43, 0
2, 22108, Note_on_c, 0, 77, 111
2, 22113, Note_on_c, 0, 65, 101
2, 22115, Note_on_c, 0, 46, 101
2, 22115, Note_on_c, 0, 70, 100
2, 22118, Control_c, 0, 64, 127
2, 22120, Note_on_c, 0, 34, 99
2, 22321, Note_on_c, 0, 46, 0
2, 22321, Control_c, 0, 64, 0
2, 22322, Note_on_c, 0, 70, 0
2, 22325, Note_on_c, 0, 77, 0
2, 22333, Note_on_c, 0, 65, 0
2, 22341, Note_on_c, 0, 34, 0
2, 22363, Note_on_c, 0, 60, 87
2, 22373, Note_on_c, 0, 53, 84
2, 22373, Note_on_c, 0, 65, 86
2, 22374, Note_on_c, 0, 58, 88
2, 22375, Note_on_c, 0, 41, 66
2, 22375, Note_on_c, 0, 70, 85
2, 22404, Note_on_c, 0, 60, 0
2, 22414, Note_on_c, 0, 53, 0
2, 22420, Note_on_c, 0, 58, 0
2, 22433, Note_on_c, 0, 41, 0
2, 22461, Note_on_c, 0, 65, 0
2, 22494, Note_on_c, 0, 70, 0
2, 22497, Note_on_c, 0, 46, 85
2, 22579, Control_c, 0, 64, 127
2, 22612, Note_on_c, 0, 60, 88
2, 22612, Note_on_c, 0, 65, 88
2, 22614, Note_on_c, 0, 58, 89
2, 22614, Note_on_c, 0, 41, 66
2, 22616, Note_on_c, 0, 70, 88
2, 22740, Note_on_c, 0, 70, 0
2, 22744, Note_on_c, 0, 70, 98
2, 22751, Note_on_c, 0, 34, 73
2, 22751, Note_on_c, 0, 35, 73
2, 22752, Note_on_c, 0, 29, 69
2, 22755, Note_on_c, 0, 35, 0
2, 22855, Note_on_c, 0, 41, 0
2, 22855, Note_on_c, 0, 70, 0
2, 22861, Note_on_c, 0, 41, 63
2, 22862, Note_on_c, 0, 70, 104
2, 22949, Control_c, 0, 64, 0
2, 22949, Note_on_c, 0, 29, 0
2, 22949, Note_on_c, 0, 58, 0
2, 22949, Note_on_c, 0, 41, 0
2, 22950, Note_on_c, 0, 65, 0
2, 22950, Note_on_c, 0, 60, 0
2, 22950, Note_on_c, 0, 70, 0
2, 22950, Note_on_c, 0, 46, 0
2, 22951, Note_on_c, 0, 34, 0
2, 22990, Note_on_c, 0, 70, 102
2, 22996, Note_on_c, 0, 34, 84
2, 22997, Note_on_c, 0, 65, 92
2, 22997, Note_on_c, 0, 62, 63
2, 23078, Control_c, 0, 64, 127
2, 23247, Note_on_c, 0, 34, 0
2, 23256, Note_on_c, 0, 34, 43
2, 23375, Note_on_c, 0, 46, 69
2, 23377, Note_on_c, 0, 48, 72
2, 23382, Note_on_c, 0, 60, 82
2, 23388, Note_on_c, 0, 55, 82
2, 23500, Note_on_c, 0, 34, 0
2, 23507, Note_on_c, 0, 41, 63
2, 23508, Note_on_c, 0, 62, 0
2, 23509, Note_on_c, 0, 58, 79
2, 23509, Note_on_c, 0, 34, 72
2, 23516, Note_on_c, 0, 62, 57
2, 23747, Control_c, 0, 64, 0
2, 23750, Note_on_c, 0, 34, 0
2, 23751, Note_on_c, 0, 60, 0
2, 23751, Note_on_c, 0, 55, 0
2, 23751, Note_on_c, 0, 62, 0
2, 23751, Note_on_c, 0, 70, 0
2, 23751, Note_on_c, 0, 65, 0
2, 23761, Note_on_c, 0, 46, 0
2, 23762, Note_on_c, 0, 29, 71
2, 23823, Note_on_c, 0, 41, 0
2, 23869, Control_c, 0, 64, 127
2, 23883, Note_on_c, 0, 41, 64
2, 23969, Note_on_c, 0, 29, 0
2, 23976, Note_on_c, 0, 48, 0
2, 23980, Note_on_c, 0, 29, 69
2, 23980, Note_on_c, 0, 35, 69
2, 23984, Note_on_c, 0, 35, 0
2, 24015, Note_on_c, 0, 58, 0
2, 24058, Control_c, 0, 64, 0
2, 24060, Note_on_c, 0, 41, 0
2, 24084, Note_on_c, 0, 29, 0
2, 24105, Note_on_c, 0, 58, 89
2, 24110, Note_on_c, 0, 46, 84
2, 24114, Note_on_c, 0, 34, 83
2, 24140, Note_on_c, 0, 58, 0
2, 24143, Note_on_c, 0, 46, 0
2, 24357, Note_on_c, 0, 58, 86
2, 24364, Note_on_c, 0, 41, 76
2, 24366, Note_on_c, 0, 48, 74
2, 24366, Note_on_c, 0, 29, 75
2, 24384, Note_on_c, 0, 34, 0
2, 24412, Note_on_c, 0, 48, 0
2, 24422, Note_on_c, 0, 58, 0
2, 24422, Note_on_c, 0, 29, 0
2, 24475, Note_on_c, 0, 34, 79
2, 24586, Note_on_c, 0, 34, 0
2, 24591, Note_on_c, 0, 41, 0
2, 24598, Note_on_c, 0, 58, 88
2, 24599, Note_on_c, 0, 46, 78
2, 24602, Note_on_c, 0, 48, 73
2, 24604, Note_on_c, 0, 53, 71
2, 24637, Note_on_c, 0, 46, 0
2, 24642, Note_on_c, 0, 53, 0
2, 24675, Note_on_c, 0, 48, 0
2, 24709, Note_on_c, 0, 58, 0
2, 24718, Note_on_c, 0, 60, 89
2, 24725, Note_on_c, 0, 29, 74
2, 24726, Note_on_c, 0, 48, 68
2, 24729, Note_on_c, 0, 29, 0
2, 24730, Note_on_c, 0, 55, 74
2, 24841, Note_on_c, 0, 53, 65
2, 24842, Note_on_c, 0, 41, 73
2, 24894, Note_on_c, 0, 60, 0
2, 24906, Note_on_c, 0, 53, 0
2, 24913, Note_on_c, 0, 48, 0
2, 24921, Note_on_c, 0, 55, 0
2, 24929, Note_on_c, 0, 41, 0
2, 24972, Note_on_c, 0, 58, 85
2, 24974, Note_on_c, 0, 46, 81
2, 24976, Note_on_c, 0, 34, 84
2, 25105, Control_c, 0, 64, 127
2, 25219, Note_on_c, 0, 29, 69
2, 25220, Note_on_c, 0, 48, 64
2, 25226, Note_on_c, 0, 41, 59
2, 25228, Note_on_c, 0, 29, 0
2, 25318, Control_c, 0, 64, 0
2, 25318, Note_on_c, 0, 48, 0
2, 25319, Note_on_c, 0, 58, 0
2, 25320, Note_on_c, 0, 46, 0
2, 25323, Note_on_c, 0, 41, 0
2, 25344, Note_on_c, 0, 34, 0
2, 25354, Note_on_c, 0, 34, 77
2, 25355, Note_on_c, 0, 46, 73
2, 25420, Control_c, 0, 64, 127
2, 25470, Note_on_c, 0, 60, 81
2, 25474, Note_on_c, 0, 55, 75
2, 25593, Note_on_c, 0, 63, 86
2, 25597, Note_on_c, 0, 46, 0
2, 25607, Note_on_c, 0, 46, 66
2, 25610, Note_on_c, 0, 58, 78
2, 25618, Note_on_c, 0, 34, 0
2, 25621, Control_c, 0, 64, 0
2, 25624, Note_on_c, 0, 60, 0
2, 25631, Note_on_c, 0, 55, 0
2, 25651, Note_on_c, 0, 46, 0
2, 25690, Note_on_c, 0, 63, 0
2, 25713, Note_on_c, 0, 34, 90
2, 25718, Note_on_c, 0, 62, 89
2, 25747, Note_on_c, 0, 58, 0
2, 25820, Control_c, 0, 64, 127
2, 25841, Note_on_c, 0, 41, 59
2, 25945, Note_on_c, 0, 46, 75
2, 26048, Note_on_c, 0, 34, 0
2, 26048, Control_c, 0, 64, 0
2, 26051, Note_on_c, 0, 41, 0
2, 26051, Note_on_c, 0, 62, 0
2, 26052, Note_on_c, 0, 46, 0
2, 26095, Note_on_c, 0, 27, 64
2, 26098, Note_on_c, 0, 55, 74
2, 26099, Note_on_c, 0, 39, 59
2, 26104, Note_on_c, 0, 27, 0
2, 26181, Control_c, 0, 64, 127
2, 26357, Note_on_c, 0, 55, 0
2, 26365, Note_on_c, 0, 79, 95
2, 26365, Note_on_c, 0, 55, 55
2, 26623, Note_on_c, 0, 74, 81
2, 26754, Note_on_c, 0, 72, 96
2, 27013, Note_on_c, 0, 67, 87
2, 27147, Note_on_c, 0, 70, 96
2, 27394, Note_on_c, 0, 67, 0
2, 27398, Note_on_c, 0, 67, 83
2, 27532, Note_on_c, 0, 70, 0
2, 27536, Note_on_c, 0, 70, 87
2, 27786, Note_on_c, 0, 72, 0
2, 27793, Note_on_c, 0, 72, 81
2, 27803, Note_on_c, 0, 51, 56
2, 27901, Note_on_c, 0, 67, 0
2, 27901, Note_on_c, 0, 70, 0
2, 27910, Note_on_c, 0, 70, 84
2, 27912, Note_on_c, 0, 67, 57
2, 27934, Note_on_c, 0, 58, 63
2, 28045, Note_on_c, 0, 60, 73
2, 28156, Note_on_c, 0, 62, 91
2, 28408, Note_on_c, 0, 79, 0
2, 28413, Note_on_c, 0, 79, 91
2, 28523, Note_on_c, 0, 79, 0
2, 28531, Note_on_c, 0, 79, 88
2, 28661, Note_on_c, 0, 74, 0
2, 28671, Note_on_c, 0, 74, 86
2, 28784, Note_on_c, 0, 72, 0
2, 28793, Note_on_c, 0, 72, 95
2, 29038, Note_on_c, 0, 67, 0
2, 29048, Note_on_c, 0, 67, 85
2, 29168, Note_on_c, 0, 70, 0
2, 29172, Note_on_c, 0, 70, 99
2, 29422, Note_on_c, 0, 67, 0
2, 29429, Note_on_c, 0, 67, 91
2, 29552, Note_on_c, 0, 70, 0
2, 29558, Note_on_c, 0, 70, 100
2, 29667, Note_on_c, 0, 67, 0
2, 29667, Note_on_c, 0, 62, 0
2, 29667, Note_on_c, 0, 51, 0
2, 29667, Note_on_c, 0, 58, 0
2, 29668, Note_on_c, 0, 74, 0
2, 29668, Control_c, 0, 64, 0
2, 29668, Note_on_c, 0, 60, 0
2, 29668, Note_on_c, 0, 79, 0
2, 29668, Note_on_c, 0, 55, 0
2, 29669, Note_on_c, 0, 72, 0
2, 29675, Note_on_c, 0, 39, 0
2, 29679, Note_on_c, 0, 39, 80
2, 29744, Control_c, 0, 64, 127
2, 29755, Note_on_c, 0, 46, 72
2, 29780, Note_on_c, 0, 51, 74
2, 29831, Note_on_c, 0, 72, 98
2, 29839, Note_on_c, 0, 53, 79
2, 29900, Note_on_c, 0, 58, 83
2, 29942, Note_on_c, 0, 60, 77
2, 30013, Note_on_c, 0, 65, 87
2, 30044, Note_on_c, 0, 70, 0
2, 30052, Note_on_c, 0, 70, 86
2, 30098, Note_on_c, 0, 51, 0
2, 30099, Note_on_c, 0, 53, 0
2, 30099, Note_on_c, 0, 58, 0
2, 30099, Note_on_c, 0, 65, 0
2, 30099, Note_on_c, 0, 46, 0
2, 30099, Note_on_c, 0, 60, 0
2, 30099, Control_c, 0, 64, 0
2, 30099, Note_on_c, 0, 39, 0
2, 30100, Note_on_c, 0, 70, 0
2, 30100, Note_on_c, 0, 72, 0
2, 30163, Note_on_c, 0, 77, 112
2, 30169, Note_on_c, 0, 65, 102
2, 30170, Note_on_c, 0, 74, 88
2, 30170, Note_on_c, 0, 46, 108
2, 30171, Note_on_c, 0, 70, 99
2, 30174, Control_c, 0, 64, 127
2, 30176, Note_on_c, 0, 34, 104
2, 30317, Control_c, 0, 64, 0
2, 30366, Note_on_c, 0, 77, 0
2, 30382, Note_on_c, 0, 34, 0
2, 30420, Note_on_c, 0, 65, 0
2, 30425, Note_on_c, 0, 60, 86
2, 30428, Note_on_c, 0, 70, 0
2, 30431, Note_on_c, 0, 41, 74
2, 30431, Note_on_c, 0, 65, 83
2, 30432, Note_on_c, 0, 58, 88
2, 30432, Note_on_c, 0, 53, 83
2, 30432, Note_on_c, 0, 70, 86
2, 30451, Note_on_c, 0, 46, 0
2, 30466, Note_on_c, 0, 60, 0
2, 30470, Note_on_c, 0, 58, 0
2, 30475, Note_on_c, 0, 53, 0
2, 30476, Note_on_c, 0, 65, 0
2, 30497, Note_on_c, 0, 41, 0
2, 30512, Note_on_c, 0, 74, 0
2, 30562, Note_on_c, 0, 46, 86
2, 30566, Note_on_c, 0, 70, 0
2, 30658, Control_c, 0, 64, 127
2, 30666, Note_on_c, 0, 46, 0
2, 30668, Note_on_c, 0, 60, 89
2, 30669, Note_on_c, 0, 58, 94
2, 30671, Note_on_c, 0, 41, 70
2, 30673, Note_on_c, 0, 46, 83
2, 30675, Note_on_c, 0, 70, 90
2, 30676, Note_on_c, 0, 65, 87
2, 30681, Note_on_c, 0, 41, 0
2, 30795, Note_on_c, 0, 77, 101
2, 30796, Note_on_c, 0, 70, 0
2, 30800, Note_on_c, 0, 41, 77
2, 30802, Note_on_c, 0, 29, 74
2, 30807, Note_on_c, 0, 70, 73
2, 30904, Note_on_c, 0, 41, 0
2, 30908, Note_on_c, 0, 79, 108
2, 30914, Note_on_c, 0, 41, 61
2, 30919, Note_on_c, 0, 70, 0
2, 30925, Note_on_c, 0, 70, 68
2, 31007, Control_c, 0, 64, 0
2, 31008, Note_on_c, 0, 58, 0
2, 31008, Note_on_c, 0, 70, 0
2, 31008, Note_on_c, 0, 65, 0
2, 31009, Note_on_c, 0, 60, 0
2, 31009, Note_on_c, 0, 46, 0
2, 31009, Note_on_c, 0, 79, 0
2, 31019, Note_on_c, 0, 29, 0
2, 31034, Note_on_c, 0, 77, 0
2, 31045, Note_on_c, 0, 77, 110
2, 31046, Note_on_c, 0, 46, 91
2, 31050, Note_on_c, 0, 65, 99
2, 31052, Note_on_c, 0, 70, 101
2, 31053, Note_on_c, 0, 34, 86
2, 31096, Note_on_c, 0, 41, 0
2, 31111, Control_c, 0, 64, 127
2, 31296, Note_on_c, 0, 34, 0
2, 31296, Note_on_c, 0, 46, 0
2, 31300, Note_on_c, 0, 46, 68
2, 31302, Note_on_c, 0, 34, 70
2, 31434, Note_on_c, 0, 34, 0
2, 31434, Note_on_c, 0, 46, 0
2, 31439, Note_on_c, 0, 60, 85
2, 31444, Note_on_c, 0, 34, 72
2, 31444, Note_on_c, 0, 46, 74
2, 31444, Note_on_c, 0, 55, 72
2, 31572, Note_on_c, 0, 46, 0
2, 31580, Note_on_c, 0, 58, 89
2, 31580, Note_on_c, 0, 34, 0
2, 31581, Note_on_c, 0, 46, 71
2, 31583, Note_on_c, 0, 41, 58
2, 31584, Note_on_c, 0, 34, 66
2, 31585, Control_c, 0, 64, 0
2, 31598, Note_on_c, 0, 55, 0
2, 31599, Note_on_c, 0, 70, 0
2, 31600, Note_on_c, 0, 60, 0
2, 31610, Note_on_c, 0, 77, 0
2, 31618, Note_on_c, 0, 41, 0
2, 31821, Note_on_c, 0, 29, 70
2, 31828, Note_on_c, 0, 41, 62
2, 31829, Note_on_c, 0, 57, 59
2, 31830, Note_on_c, 0, 48, 55
2, 31833, Note_on_c, 0, 57, 0
2, 31856, Note_on_c, 0, 46, 0
2, 31864, Note_on_c, 0, 34, 0
2, 31887, Control_c, 0, 64, 127
2, 31941, Note_on_c, 0, 29, 0
2, 31941, Note_on_c, 0, 41, 0
2, 31945, Note_on_c, 0, 41, 62
2, 31949, Note_on_c, 0, 29, 59
2, 32048, Note_on_c, 0, 29, 0
2, 32055, Note_on_c, 0, 29, 68
2, 32056, Note_on_c, 0, 41, 0
2, 32058, Note_on_c, 0, 33, 63
2, 32059, Note_on_c, 0, 53, 53
2, 32059, Note_on_c, 0, 57, 58
2, 32061, Note_on_c, 0, 41, 61
2, 32064, Note_on_c, 0, 33, 0
2, 32142, Note_on_c, 0, 58, 0
2, 32143, Control_c, 0, 64, 0
2, 32144, Note_on_c, 0, 29, 0
2, 32179, Note_on_c, 0, 48, 0
2, 32198, Note_on_c, 0, 46, 78
2, 32198, Note_on_c, 0, 34, 83
2, 32212, Note_on_c, 0, 58, 73
2, 32225, Note_on_c, 0, 57, 0
2, 32232, Note_on_c, 0, 41, 0
2, 32240, Note_on_c, 0, 53, 0
2, 32309, Note_on_c, 0, 58, 0
2, 32327, Note_on_c, 0, 60, 80
2, 32329, Note_on_c, 0, 55, 73
2, 32332, Note_on_c, 0, 65, 0
2, 32377, Note_on_c, 0, 60, 0
2, 32417, Note_on_c, 0, 55, 0
2, 32424, Note_on_c, 0, 46, 0
2, 32443, Note_on_c, 0, 29, 74
2, 32444, Note_on_c, 0, 41, 71
2, 32449, Note_on_c, 0, 61, 87
2, 32451, Note_on_c, 0, 57, 81
2, 32486, Note_on_c, 0, 34, 0
2, 32494, Note_on_c, 0, 29, 0
2, 32495, Note_on_c, 0, 41, 0
2, 32499, Note_on_c, 0, 57, 0
2, 32547, Note_on_c, 0, 61, 0
2, 32563, Note_on_c, 0, 62, 82
2, 32565, Note_on_c, 0, 46, 80
2, 32565, Note_on_c, 0, 58, 78
2, 32566, Note_on_c, 0, 34, 81
2, 32606, Note_on_c, 0, 58, 0
2, 32606, Note_on_c, 0, 46, 0
2, 32655, Note_on_c, 0, 34, 0
2, 32669, Note_on_c, 0, 48, 82
2, 32677, Note_on_c, 0, 65, 68
2, 32678, Note_on_c, 0, 62, 0
2, 32685, Note_on_c, 0, 63, 84
2, 32686, Note_on_c, 0, 65, 0
2, 32694, Note_on_c, 0, 60, 78
2, 32713, Note_on_c, 0, 48, 0
2, 32785, Note_on_c, 0, 63, 0
2, 32791, Note_on_c, 0, 64, 87
2, 32797, Note_on_c, 0, 29, 73
2, 32797, Note_on_c, 0, 41, 71
2, 32799, Note_on_c, 0, 61, 81
2, 32801, Note_on_c, 0, 60, 0
2, 32838, Note_on_c, 0, 64, 0
2, 32878, Note_on_c, 0, 61, 0
2, 32908, Note_on_c, 0, 41, 0
2, 32917, Note_on_c, 0, 41, 74
2, 32918, Note_on_c, 0, 65, 91
2, 32922, Note_on_c, 0, 62, 75
2, 32927, Note_on_c, 0, 59, 75
2, 32931, Note_on_c, 0, 59, 0
2, 32961, Note_on_c, 0, 29, 0
2, 32964, Note_on_c, 0, 65, 0
2, 32965, Note_on_c, 0, 62, 0
2, 32965, Note_on_c, 0, 41, 0
2, 33049, Note_on_c, 0, 65, 89
2, 33051, Note_on_c, 0, 62, 86
2, 33056, Note_on_c, 0, 46, 92
2, 33058, Note_on_c, 0, 34, 88
2, 33123, Control_c, 0, 64, 127
2, 33300, Note_on_c, 0, 65, 0
2, 33304, Note_on_c, 0, 29, 80
2, 33307, Note_on_c, 0, 41, 77
2, 33307, Note_on_c, 0, 65, 55
2, 33311, Note_on_c, 0, 63, 59
2, 33313, Note_on_c, 0, 53, 59
2, 33318, Note_on_c, 0, 59, 72
2, 33319, Note_on_c, 0, 62, 0
2, 33417, Note_on_c, 0, 65, 0
2, 33421, Control_c, 0, 64, 0
2, 33423, Note_on_c, 0, 53, 0
2, 33431, Note_on_c, 0, 34, 0
2, 33431, Note_on_c, 0, 46, 0
2, 33431, Note_on_c, 0, 59, 0
2, 33438, Note_on_c, 0, 29, 0
2, 33440, Note_on_c, 0, 46, 85
2, 33441, Note_on_c, 0, 34, 87
2, 33454, Note_on_c, 0, 63, 0
2, 33484, Control_c, 0, 64, 127
2, 33542, Note_on_c, 0, 72, 99
2, 33547, Note_on_c, 0, 60, 91
2, 33547, Note_on_c, 0, 70, 71
2, 33676, Note_on_c, 0, 70, 0
2, 33679, Note_on_c, 0, 75, 109
2, 33680, Note_on_c, 0, 63, 111
2, 33684, Note_on_c, 0, 70, 95
2, 33684, Note_on_c, 0, 34, 0
2, 33684, Note_on_c, 0, 46, 0
2, 33688, Note_on_c, 0, 46, 88
2, 33694, Note_on_c, 0, 34, 84
2, 33799, Note_on_c, 0, 34, 0
2, 33802, Note_on_c, 0, 74, 109
2, 33804, Note_on_c, 0, 58, 85
2, 33805, Note_on_c, 0, 62, 100
2, 33805, Note_on_c, 0, 34, 80
2, 33813, Control_c, 0, 64, 0
2, 33817, Note_on_c, 0, 60, 0
2, 33818, Note_on_c, 0, 70, 0
2, 33818, Note_on_c, 0, 63, 0
2, 33824, Note_on_c, 0, 46, 0
2, 33830, Note_on_c, 0, 41, 0
2, 33838, Note_on_c, 0, 58, 0
2, 33845, Note_on_c, 0, 72, 0
2, 33845, Note_on_c, 0, 75, 0
2, 33853, Note_on_c, 0, 34, 0
2, 33891, Note_on_c, 0, 62, 0
2, 33968, Note_on_c, 0, 74, 0
2, 34066, Note_on_c, 0, 74, 95
2, 34104, Note_on_c, 0, 74, 0
2, 34185, Note_on_c, 0, 74, 101
2, 34201, Note_on_c, 0, 70, 88
2, 34203, Note_on_c, 0, 39, 76
2, 34204, Note_on_c, 0, 67, 82
2, 34229, Control_c, 0, 64, 127
2, 34337, Note_on_c, 0, 67, 0
2, 34339, Note_on_c, 0, 58, 66
2, 34341, Note_on_c, 0, 67, 55
2, 34344, Note_on_c, 0, 63, 60
2, 34463, Note_on_c, 0, 55, 68
2, 34467, Note_on_c, 0, 58, 0
2, 34467, Note_on_c, 0, 67, 0
2, 34471, Note_on_c, 0, 67, 70
2, 34475, Note_on_c, 0, 58, 55
2, 34575, Note_on_c, 0, 58, 0
2, 34575, Note_on_c, 0, 63, 0
2, 34575, Note_on_c, 0, 67, 0
2, 34580, Note_on_c, 0, 63, 69
2, 34584, Note_on_c, 0, 67, 58
2, 34586, Note_on_c, 0, 58, 61
2, 34698, Note_on_c, 0, 72, 96
2, 34698, Note_on_c, 0, 55, 0
2, 34698, Note_on_c, 0, 67, 0
2, 34708, Note_on_c, 0, 55, 80
2, 34708, Note_on_c, 0, 67, 82
2, 34836, Note_on_c, 0, 58, 0
2, 34836, Note_on_c, 0, 63, 0
2, 34836, Note_on_c, 0, 67, 0
2, 34840, Note_on_c, 0, 63, 71
2, 34840, Note_on_c, 0, 58, 64
2, 34843, Note_on_c, 0, 67, 61
2, 34944, Note_on_c, 0, 55, 0
2, 34944, Note_on_c, 0, 67, 0
2, 34948, Note_on_c, 0, 67, 78
2, 34952, Note_on_c, 0, 55, 72
2, 35066, Note_on_c, 0, 58, 0
2, 35066, Note_on_c, 0, 63, 0
2, 35073, Note_on_c, 0, 58, 63
2, 35076, Note_on_c, 0, 63, 70
2, 35172, Note_on_c, 0, 55, 0
2, 35172, Note_on_c, 0, 58, 0
2, 35173, Note_on_c, 0, 74, 0
2, 35173, Note_on_c, 0, 70, 0
2, 35173, Note_on_c, 0, 63, 0
2, 35174, Note_on_c, 0, 72, 0
2, 35174, Note_on_c, 0, 39, 0
2, 35176, Control_c, 0, 64, 0
2, 35189, Note_on_c, 0, 67, 0
2, 35197, Note_on_c, 0, 67, 96
2, 35198, Note_on_c, 0, 41, 81
2, 35202, Note_on_c, 0, 65, 88
2, 35266, Control_c, 0, 64, 127
2, 35332, Note_on_c, 0, 57, 71
2, 35345, Note_on_c, 0, 60, 65
2, 35458, Note_on_c, 0, 65, 0
2, 35465, Note_on_c, 0, 53, 71
2, 35469, Note_on_c, 0, 65, 71
2, 35573, Note_on_c, 0, 57, 0
2, 35573, Note_on_c, 0, 60, 0
2, 35578, Note_on_c, 0, 60, 70
2, 35583, Note_on_c, 0, 57, 57
2, 35696, Note_on_c, 0, 60, 0
2, 35703, Note_on_c, 0, 72, 99
2, 35704, Note_on_c, 0, 53, 0
2, 35707, Note_on_c, 0, 69, 81
2, 35707, Note_on_c, 0, 60, 69
2, 35711, Note_on_c, 0, 53, 80
2, 35827, Note_on_c, 0, 57, 0
2, 35834, Note_on_c, 0, 60, 0
2, 35837, Note_on_c, 0, 57, 67
2, 35839, Note_on_c, 0, 60, 56
2, 35957, Note_on_c, 0, 65, 0
2, 35962, Note_on_c, 0, 65, 74
2, 35963, Note_on_c, 0, 62, 46
2, 35973, Note_on_c, 0, 62, 0
2, 36080, Note_on_c, 0, 57, 0
2, 36080, Note_on_c, 0, 60, 0
2, 36085, Note_on_c, 0, 60, 66
2, 36091, Note_on_c, 0, 57, 68
2, 36165, Note_on_c, 0, 41, 0
2, 36167, Note_on_c, 0, 67, 0
2, 36167, Note_on_c, 0, 65, 0
2, 36168, Note_on_c, 0, 53, 0
2, 36168, Note_on_c, 0, 72, 0
2, 36168, Note_on_c, 0, 57, 0
2, 36168, Control_c, 0, 64, 0
2, 36168, Note_on_c, 0, 69, 0
2, 36169, Note_on_c, 0, 60, 0
2, 36206, Note_on_c, 0, 70, 98
2, 36221, Note_on_c, 0, 43, 74
2, 36221, Note_on_c, 0, 67, 75
2, 36288, Control_c, 0, 64, 127
2, 36351, Note_on_c, 0, 62, 70
2, 36359, Note_on_c, 0, 58, 60
2, 36472, Note_on_c, 0, 67, 0
2, 36477, Note_on_c, 0, 67, 73
2, 36482, Note_on_c, 0, 55, 64
2, 36587, Note_on_c, 0, 58, 0
2, 36587, Note_on_c, 0, 62, 0
2, 36593, Note_on_c, 0, 62, 69
2, 36598, Note_on_c, 0, 58, 54
2, 36718, Note_on_c, 0, 67, 0
2, 36725, Note_on_c, 0, 55, 0
2, 36726, Note_on_c, 0, 67, 71
2, 36733, Note_on_c, 0, 55, 61
2, 36840, Note_on_c, 0, 58, 0
2, 36840, Note_on_c, 0, 62, 0
2, 36847, Note_on_c, 0, 62, 69
2, 36851, Note_on_c, 0, 58, 57
2, 36956, Note_on_c, 0, 55, 0
2, 36960, Note_on_c, 0, 69, 82
2, 36965, Note_on_c, 0, 55, 66
2, 37079, Note_on_c, 0, 70, 0
2, 37089, Note_on_c, 0, 70, 99
2, 37102, Note_on_c, 0, 58, 0
2, 37102, Note_on_c, 0, 67, 0
2, 37108, Note_on_c, 0, 67, 84
2, 37112, Note_on_c, 0, 58, 71
2, 37136, Control_c, 0, 64, 0
2, 37159, Note_on_c, 0, 55, 0
2, 37162, Note_on_c, 0, 62, 0
2, 37164, Note_on_c, 0, 69, 0
2, 37171, Note_on_c, 0, 43, 0
2, 37222, Note_on_c, 0, 43, 75
2, 37224, Control_c, 0, 64, 127
2, 37340, Note_on_c, 0, 58, 0
2, 37345, Note_on_c, 0, 62, 66
2, 37350, Note_on_c, 0, 58, 61
2, 37463, Note_on_c, 0, 67, 0
2, 37467, Note_on_c, 0, 67, 79
2, 37470, Note_on_c, 0, 55, 72
2, 37585, Note_on_c, 0, 58, 0
2, 37585, Note_on_c, 0, 62, 0
2, 37596, Note_on_c, 0, 58, 78
2, 37596, Note_on_c, 0, 62, 76
2, 37706, Control_c, 0, 64, 0
2, 37706, Note_on_c, 0, 55, 0
2, 37708, Note_on_c, 0, 58, 0
2, 37708, Note_on_c, 0, 43, 0
2, 37709, Note_on_c, 0, 67, 0
2, 37709, Note_on_c, 0, 62, 0
2, 37713, Note_on_c, 0, 74, 98
2, 37724, Note_on_c, 0, 70, 0
2, 37725, Note_on_c, 0, 69, 71
2, 37725, Note_on_c, 0, 41, 75
2, 37726, Note_on_c, 0, 65, 75
2, 37726, Note_on_c, 0, 53, 68
2, 37731, Note_on_c, 0, 53, 0
2, 37772, Note_on_c, 0, 41, 0
2, 37793, Control_c, 0, 64, 127
2, 37850, Note_on_c, 0, 57, 77
2, 37850, Note_on_c, 0, 62, 86
2, 37954, Note_on_c, 0, 65, 0
2, 37959, Note_on_c, 0, 65, 81
2, 37976, Note_on_c, 0, 53, 68
2, 38077, Note_on_c, 0, 57, 0
2, 38085, Note_on_c, 0, 62, 0
2, 38085, Note_on_c, 0, 74, 0
2, 38088, Note_on_c, 0, 57, 83
2, 38089, Note_on_c, 0, 62, 88
2, 38091, Note_on_c, 0, 74, 91
2, 38172, Note_on_c, 0, 57, 0
2, 38172, Note_on_c, 0, 65, 0
2, 38172, Note_on_c, 0, 62, 0
2, 38172, Note_on_c, 0, 53, 0
2, 38172, Control_c, 0, 64, 0
2, 38192, Note_on_c, 0, 69, 0
2, 38192, Note_on_c, 0, 74, 0
2, 38201, Note_on_c, 0, 74, 105
2, 38220, Note_on_c, 0, 70, 80
2, 38223, Note_on_c, 0, 67, 86
2, 38225, Note_on_c, 0, 39, 82
2, 38225, Note_on_c, 0, 51, 73
2, 38300, Note_on_c, 0, 39, 0
2, 38323, Control_c, 0, 64, 127
2, 38356, Note_on_c, 0, 58, 69
2, 38366, Note_on_c, 0, 63, 65
2, 38484, Note_on_c, 0, 58, 0
2, 38484, Note_on_c, 0, 67, 0
2, 38487, Note_on_c, 0, 55, 73
2, 38488, Note_on_c, 0, 67, 75
2, 38491, Note_on_c, 0, 58, 62
2, 38584, Note_on_c, 0, 58, 0
2, 38584, Note_on_c, 0, 63, 0
2, 38594, Note_on_c, 0, 63, 71
2, 38595, Note_on_c, 0, 58, 64
2, 38714, Note_on_c, 0, 55, 0
2, 38714, Note_on_c, 0, 67, 0
2, 38716, Note_on_c, 0, 72, 102
2, 38725, Note_on_c, 0, 67, 94
2, 38726, Note_on_c, 0, 55, 83
2, 38853, Note_on_c, 0, 58, 0
2, 38853, Note_on_c, 0, 63, 0
2, 38857, Note_on_c, 0, 63, 72
2, 38859, Note_on_c, 0, 58, 69
2, 38976, Note_on_c, 0, 55, 0
2, 38976, Note_on_c, 0, 67, 0
2, 38981, Note_on_c, 0, 55, 70
2, 38985, Note_on_c, 0, 67, 81
2, 39091, Note_on_c, 0, 58, 0
2, 39095, Note_on_c, 0, 58, 76
2, 39098, Note_on_c, 0, 63, 0
2, 39103, Note_on_c, 0, 63, 77
2, 39169, Note_on_c, 0, 67, 0
2, 39169, Control_c, 0, 64, 0
2, 39169, Note_on_c, 0, 74, 0
2, 39169, Note_on_c, 0, 55, 0
2, 39170, Note_on_c, 0, 63, 0
2, 39170, Note_on_c, 0, 70, 0
2, 39170, Note_on_c, 0, 58, 0
2, 39171, Note_on_c, 0, 72, 0
2, 39183, Note_on_c, 0, 51, 0
2, 39216, Note_on_c, 0, 71, 99
2, 39224, Note_on_c, 0, 38, 82
2, 39224, Note_on_c, 0, 26, 77
2, 39229, Note_on_c, 0, 26, 0
2, 39230, Note_on_c, 0, 67, 92
2, 39283, Note_on_c, 0, 38, 0
2, 39283, Control_c, 0, 64, 127
2, 39357, Note_on_c, 0, 62, 73
2, 39363, Note_on_c, 0, 59, 68
2, 39475, Note_on_c, 0, 67, 0
2, 39479, Note_on_c, 0, 67, 80
2, 39481, Note_on_c, 0, 55, 77
2, 39582, Note_on_c, 0, 59, 0
2, 39582, Note_on_c, 0, 62, 0
2, 39593, Note_on_c, 0, 59, 74
2, 39594, Note_on_c, 0, 62, 77
2, 39714, Note_on_c, 0, 62, 0
2, 39715, Note_on_c, 0, 55, 0
2, 39715, Note_on_c, 0, 59, 0
2, 39716, Note_on_c, 0, 71, 0
2, 39716, Note_on_c, 0, 67, 0
2, 39717, Note_on_c, 0, 72, 103
2, 39719, Control_c, 0, 64, 0
2, 39731, Note_on_c, 0, 69, 88
2, 39736, Note_on_c, 0, 42, 81
2, 39738, Note_on_c, 0, 66, 86
2, 39785, Note_on_c, 0, 42, 0
2, 39813, Control_c, 0, 64, 127
2, 39847, Note_on_c, 0, 57, 81
2, 39866, Note_on_c, 0, 62, 76
2, 39966, Note_on_c, 0, 66, 0
2, 39975, Note_on_c, 0, 66, 86
2, 39977, Note_on_c, 0, 54, 74
2, 40074, Note_on_c, 0, 62, 0
2, 40081, Note_on_c, 0, 57, 0
2, 40083, Note_on_c, 0, 62, 74
2, 40084, Note_on_c, 0, 69, 0
2, 40087, Note_on_c, 0, 57, 69
2, 40186, Note_on_c, 0, 72, 0
2, 40186, Note_on_c, 0, 62, 0
2, 40186, Control_c, 0, 64, 0
2, 40186, Note_on_c, 0, 57, 0
2, 40186, Note_on_c, 0, 54, 0
2, 40186, Note_on_c, 0, 66, 0
2, 40222, Note_on_c, 0, 75, 109
2, 40224, Note_on_c, 0, 67, 95
2, 40231, Note_on_c, 0, 55, 90
2, 40231, Note_on_c, 0, 43, 82
2, 40232, Note_on_c, 0, 71, 85
2, 40296, Control_c, 0, 64, 127
2, 40335, Note_on_c, 0, 55, 0
2, 40361, Note_on_c, 0, 65, 80
2, 40478, Note_on_c, 0, 63, 92
2, 40482, Note_on_c, 0, 55, 67
2, 40599, Note_on_c, 0, 59, 89
2, 40719, Note_on_c, 0, 55, 0
2, 40724, Note_on_c, 0, 55, 92
2, 40849, Note_on_c, 0, 65, 0
2, 40853, Note_on_c, 0, 53, 96
2, 40858, Note_on_c, 0, 77, 102
2, 40860, Note_on_c, 0, 65, 99
2, 40972, Note_on_c, 0, 75, 0
2, 40974, Note_on_c, 0, 51, 96
2, 40980, Note_on_c, 0, 75, 93
2, 40981, Note_on_c, 0, 63, 0
2, 40992, Note_on_c, 0, 64, 87
2, 40998, Note_on_c, 0, 76, 74
2, 41047, Note_on_c, 0, 67, 0
2, 41048, Note_on_c, 0, 64, 0
2, 41048, Note_on_c, 0, 55, 0
2, 41049, Note_on_c, 0, 65, 0
2, 41049, Note_on_c, 0, 76, 0
2, 41049, Note_on_c, 0, 77, 0
2, 41049, Note_on_c, 0, 53, 0
2, 41050, Note_on_c, 0, 51, 0
2, 41050, Note_on_c, 0, 71, 0
2, 41050, Note_on_c, 0, 59, 0
2, 41051, Note_on_c, 0, 75, 0
2, 41053, Control_c, 0, 64, 0
2, 41057, Note_on_c, 0, 43, 0
2, 41098, Note_on_c, 0, 74, 111
2, 41104, Note_on_c, 0, 62, 101
2, 41104, Note_on_c, 0, 53, 98
2, 41106, Note_on_c, 0, 41, 96
2, 41106, Note_on_c, 0, 68, 99
2, 41107, Note_on_c, 0, 70, 90
2, 41177, Note_on_c, 0, 41, 0
2, 41233, Note_on_c, 0, 53, 0
2, 41360, Note_on_c, 0, 46, 92
2, 41361, Note_on_c, 0, 34, 95
2, 41479, Note_on_c, 0, 34, 0
2, 41479, Note_on_c, 0, 46, 0
2, 41479, Note_on_c, 0, 62, 0
2, 41479, Note_on_c, 0, 70, 0
2, 41484, Note_on_c, 0, 46, 92
2, 41484, Note_on_c, 0, 70, 88
2, 41485, Note_on_c, 0, 34, 95
2, 41487, Note_on_c, 0, 62, 68
2, 41514, Note_on_c, 0, 46, 0
2, 41515, Note_on_c, 0, 68, 0
2, 41548, Note_on_c, 0, 34, 0
2, 41579, Control_c, 0, 64, 127
2, 41604, Note_on_c, 0, 34, 91
2, 41604, Note_on_c, 0, 46, 94
2, 41725, Note_on_c, 0, 70, 0
2, 41736, Note_on_c, 0, 70, 106
2, 41863, Note_on_c, 0, 46, 0
2, 41867, Note_on_c, 0, 46, 89
2, 41971, Note_on_c, 0, 62, 0
2, 41977, Note_on_c, 0, 62, 101
2, 41983, Note_on_c, 0, 53, 87
2, 41983, Note_on_c, 0, 65, 106
2, 41984, Note_on_c, 0, 77, 105
2, 41985, Note_on_c, 0, 58, 99
2, 41988, Note_on_c, 0, 68, 92
2, 42055, Note_on_c, 0, 74, 0
2, 42086, Note_on_c, 0, 70, 0
2, 42091, Note_on_c, 0, 70, 71
2, 42094, Note_on_c, 0, 72, 96
2, 42136, Note_on_c, 0, 74, 78
2, 42189, Note_on_c, 0, 75, 70
2, 42208, Note_on_c, 0, 53, 0
2, 42208, Note_on_c, 0, 72, 0
2, 42208, Note_on_c, 0, 65, 0
2, 42209, Note_on_c, 0, 74, 0
2, 42209, Note_on_c, 0, 62, 0
2, 42209, Note_on_c, 0, 46, 0
2, 42209, Note_on_c, 0, 68, 0
2, 42209, Note_on_c, 0, 58, 0
2, 42210, Note_on_c, 0, 34, 0
2, 42211, Control_c, 0, 64, 0
2, 42232, Note_on_c, 0, 77, 0
2, 42240, Note_on_c, 0, 70, 0
2, 42240, Note_on_c, 0, 77, 111
2, 42242, Note_on_c, 0, 67, 110
2, 42244, Note_on_c, 0, 70, 104
2, 42251, Note_on_c, 0, 39, 100
2, 42309, Control_c, 0, 64, 127
2, 42360, Note_on_c, 0, 51, 72
2, 42470, Note_on_c, 0, 39, 0
2, 42488, Note_on_c, 0, 63, 96
2, 42489, Note_on_c, 0, 55, 78
2, 42492, Note_on_c, 0, 58, 75
2, 42494, Note_on_c, 0, 79, 104
2, 42566, Control_c, 0, 64, 0
2, 42585, Note_on_c, 0, 75, 0
2, 42596, Note_on_c, 0, 55, 0
2, 42600, Note_on_c, 0, 77, 0
2, 42602, Note_on_c, 0, 79, 0
2, 42608, Note_on_c, 0, 70, 0
2, 42616, Note_on_c, 0, 67, 0
2, 42617, Note_on_c, 0, 75, 106
2, 42619, Note_on_c, 0, 70, 92
2, 42621, Note_on_c, 0, 39, 80
2, 42626, Note_on_c, 0, 67, 89
2, 42700, Note_on_c, 0, 63, 0
2, 42746, Control_c, 0, 64, 127
2, 42777, Note_on_c, 0, 67, 0
2, 42862, Note_on_c, 0, 39, 0
2, 42868, Note_on_c, 0, 39, 86
2, 42883, Note_on_c, 0, 74, 100
2, 42992, Note_on_c, 0, 58, 0
2, 42997, Note_on_c, 0, 63, 87
2, 43002, Note_on_c, 0, 58, 85
2, 43002, Note_on_c, 0, 55, 79
2, 43130, Note_on_c, 0, 74, 0
2, 43141, Note_on_c, 0, 74, 103
2, 43202, Note_on_c, 0, 39, 0
2, 43203, Control_c, 0, 64, 0
2, 43203, Note_on_c, 0, 55, 0
2, 43203, Note_on_c, 0, 70, 0
2, 43203, Note_on_c, 0, 58, 0
2, 43203, Note_on_c, 0, 63, 0
2, 43203, Note_on_c, 0, 74, 0
2, 43215, Note_on_c, 0, 51, 0
2, 43238, Note_on_c, 0, 75, 0
2, 43249, Note_on_c, 0, 75, 109
2, 43256, Note_on_c, 0, 66, 102
2, 43256, Note_on_c, 0, 69, 103
2, 43257, Note_on_c, 0, 38, 91
2, 43307, Control_c, 0, 64, 127
2, 43355, Note_on_c, 0, 50, 68
2, 43487, Note_on_c, 0, 54, 86
2, 43487, Note_on_c, 0, 62, 92
2, 43489, Note_on_c, 0, 77, 101
2, 43507, Note_on_c, 0, 69, 0
2, 43515, Note_on_c, 0, 69, 57
2, 43537, Note_on_c, 0, 50, 0
2, 43537, Note_on_c, 0, 38, 0
2, 43540, Control_c, 0, 64, 0
2, 43541, Note_on_c, 0, 66, 0
2, 43542, Note_on_c, 0, 62, 0
2, 43548, Note_on_c, 0, 75, 0
2, 43548, Note_on_c, 0, 54, 0
2, 43620, Note_on_c, 0, 74, 105
2, 43622, Note_on_c, 0, 69, 0
2, 43622, Note_on_c, 0, 38, 90
2, 43631, Note_on_c, 0, 66, 90
2, 43631, Note_on_c, 0, 69, 87
2, 43660, Note_on_c, 0, 77, 0
2, 43691, Note_on_c, 0, 38, 0
2, 43768, Control_c, 0, 64, 127
2, 43867, Note_on_c, 0, 38, 91
2, 43872, Note_on_c, 0, 72, 98
2, 44003, Note_on_c, 0, 62, 89
2, 44006, Note_on_c, 0, 54, 84
2, 44129, Note_on_c, 0, 72, 0
2, 44134, Note_on_c, 0, 72, 106
2, 44233, Note_on_c, 0, 66, 0
2, 44233, Note_on_c, 0, 54, 0
2, 44235, Note_on_c, 0, 74, 0
2, 44235, Control_c, 0, 64, 0
2, 44236, Note_on_c, 0, 72, 0
2, 44244, Note_on_c, 0, 62, 0
2, 44244, Note_on_c, 0, 69, 0
2, 44248, Note_on_c, 0, 72, 107
2, 44252, Note_on_c, 0, 38, 0
2, 44253, Note_on_c, 0, 62, 99
2, 44254, Note_on_c, 0, 43, 97
2, 44255, Note_on_c, 0, 67, 99
2, 44255, Note_on_c, 0, 55, 102
2, 44321, Control_c, 0, 64, 127
2, 44401, Note_on_c, 0, 50, 68
2, 44490, Note_on_c, 0, 55, 0
2, 44501, Note_on_c, 0, 55, 88
2, 44504, Note_on_c, 0, 70, 100
2, 44632, Note_on_c, 0, 81, 109
2, 44634, Note_on_c, 0, 62, 0
2, 44637, Note_on_c, 0, 50, 0
2, 44637, Note_on_c, 0, 72, 0
2, 44638, Note_on_c, 0, 43, 0
2, 44639, Note_on_c, 0, 70, 0
2, 44639, Note_on_c, 0, 74, 103
2, 44639, Note_on_c, 0, 55, 0
2, 44640, Note_on_c, 0, 69, 100
2, 44641, Note_on_c, 0, 42, 94
2, 44641, Note_on_c, 0, 78, 95
2, 44641, Control_c, 0, 64, 0
2, 44643, Note_on_c, 0, 67, 0
2, 44743, Control_c, 0, 64, 127
2, 44888, Note_on_c, 0, 82, 109
2, 44891, Note_on_c, 0, 54, 91
2, 44892, Note_on_c, 0, 50, 91
2, 44896, Note_on_c, 0, 70, 100
2, 45012, Note_on_c, 0, 42, 0
2, 45012, Note_on_c, 0, 54, 0
2, 45022, Note_on_c, 0, 54, 79
2, 45022, Note_on_c, 0, 42, 70
2, 45135, Note_on_c, 0, 74, 0
2, 45140, Note_on_c, 0, 84, 113
2, 45145, Note_on_c, 0, 41, 102
2, 45145, Note_on_c, 0, 74, 108
2, 45146, Note_on_c, 0, 77, 105
2, 45147, Note_on_c, 0, 53, 102
2, 45154, Control_c, 0, 64, 0
2, 45156, Note_on_c, 0, 42, 0
2, 45156, Note_on_c, 0, 78, 0
2, 45156, Note_on_c, 0, 81, 0
2, 45156, Note_on_c, 0, 69, 0
2, 45157, Note_on_c, 0, 50, 0
2, 45157, Note_on_c, 0, 54, 0
2, 45159, Note_on_c, 0, 82, 0
2, 45160, Note_on_c, 0, 70, 0
2, 45250, Control_c, 0, 64, 127
2, 45402, Note_on_c, 0, 50, 87
2, 45515, Note_on_c, 0, 82, 106
2, 45520, Note_on_c, 0, 70, 104
2, 45576, Note_on_c, 0, 53, 0
2, 45576, Note_on_c, 0, 41, 0
2, 45577, Note_on_c, 0, 84, 0
2, 45577, Note_on_c, 0, 50, 0
2, 45577, Control_c, 0, 64, 0
2, 45577, Note_on_c, 0, 77, 0
2, 45579, Note_on_c, 0, 82, 0
2, 45582, Note_on_c, 0, 70, 0
2, 45588, Note_on_c, 0, 74, 0
2, 45643, Note_on_c, 0, 84, 109
2, 45645, Note_on_c, 0, 40, 103
2, 45645, Note_on_c, 0, 72, 108
2, 45646, Note_on_c, 0, 79, 101
2, 45646, Note_on_c, 0, 76, 99
2, 45648, Note_on_c, 0, 52, 100
2, 45665, Control_c, 0, 64, 127
2, 45888, Note_on_c, 0, 76, 0
2, 45891, Note_on_c, 0, 64, 106
2, 45894, Note_on_c, 0, 76, 109
2, 45895, Note_on_c, 0, 52, 0
2, 45896, Note_on_c, 0, 86, 107
2, 45898, Note_on_c, 0, 60, 89
2, 45899, Note_on_c, 0, 55, 98
2, 45899, Note_on_c, 0, 74, 106
2, 45901, Note_on_c, 0, 52, 94
2, 45911, Note_on_c, 0, 79, 0
2, 45915, Note_on_c, 0, 79, 86
2, 45924, Note_on_c, 0, 78, 60
2, 46138, Note_on_c, 0, 82, 105
2, 46144, Note_on_c, 0, 70, 104
2, 46198, Control_c, 0, 64, 0
2, 46199, Note_on_c, 0, 64, 0
2, 46199, Note_on_c, 0, 52, 0
2, 46199, Note_on_c, 0, 74, 0
2, 46199, Note_on_c, 0, 79, 0
2, 46199, Note_on_c, 0, 76, 0
2, 46199, Note_on_c, 0, 60, 0
2, 46200, Note_on_c, 0, 55, 0
2, 46200, Note_on_c, 0, 82, 0
2, 46200, Note_on_c, 0, 84, 0
2, 46200, Note_on_c, 0, 78, 0
2, 46200, Note_on_c, 0, 72, 0
2, 46200, Note_on_c, 0, 70, 0
2, 46201, Note_on_c, 0, 86, 0
2, 46210, Note_on_c, 0, 40, 0
2, 46259, Note_on_c, 0, 82, 114
2, 46261, Note_on_c, 0, 79, 100
2, 46266, Note_on_c, 0, 70, 107
2, 46275, Note_on_c, 0, 75, 99
2, 46282, Note_on_c, 0, 27, 86
2, 46283, Note_on_c, 0, 39, 93
2, 46287, Note_on_c, 0, 27, 0
2, 46287, Control_c, 0, 64, 127
2, 46501, Note_on_c, 0, 55, 91
2, 46515, Note_on_c, 0, 51, 75
2, 46521, Note_on_c, 0, 46, 74
2, 46625, Note_on_c, 0, 39, 0
2, 46630, Note_on_c, 0, 39, 74
2, 46755, Note_on_c, 0, 51, 0
2, 46755, Note_on_c, 0, 55, 0
2, 46764, Note_on_c, 0, 51, 73
2, 46765, Note_on_c, 0, 63, 90
2, 46766, Note_on_c, 0, 55, 74
2, 46855, Note_on_c, 0, 39, 0
2, 46863, Note_on_c, 0, 39, 73
2, 46863, Note_on_c, 0, 46, 0
2, 46869, Note_on_c, 0, 46, 71
2, 46871, Note_on_c, 0, 55, 0
2, 46878, Note_on_c, 0, 55, 80
2, 46880, Note_on_c, 0, 65, 94
2, 46993, Note_on_c, 0, 55, 0
2, 47001, Note_on_c, 0, 46, 0
2, 47002, Note_on_c, 0, 55, 96
2, 47002, Note_on_c, 0, 67, 97
2, 47008, Note_on_c, 0, 46, 82
2, 47107, Control_c, 0, 64, 0
2, 47109, Note_on_c, 0, 82, 0
2, 47110, Note_on_c, 0, 46, 0
2, 47111, Note_on_c, 0, 51, 0
2, 47111, Note_on_c, 0, 39, 0
2, 47111, Note_on_c, 0, 55, 0
2, 47111, Note_on_c, 0, 79, 0
2, 47111, Note_on_c, 0, 65, 0
2, 47111, Note_on_c, 0, 70, 0
2, 47112, Note_on_c, 0, 75, 0
2, 47112, Note_on_c, 0, 67, 0
2, 47121, Note_on_c, 0, 68, 111
2, 47124, Note_on_c, 0, 63, 0
2, 47132, Note_on_c, 0, 63, 93
2, 47138, Note_on_c, 0, 66, 86
2, 47142, Note_on_c, 0, 60, 86
2, 47150, Note_on_c, 0, 32, 88
2, 47151, Note_on_c, 0, 44, 92
2, 47187, Note_on_c, 0, 44, 0
2, 47224, Control_c, 0, 64, 127
2, 47255, Note_on_c, 0, 32, 0
2, 47383, Note_on_c, 0, 44, 88
2, 47387, Note_on_c, 0, 32, 72
2, 47506, Note_on_c, 0, 56, 94
2, 47508, Note_on_c, 0, 32, 0
2, 47508, Note_on_c, 0, 44, 0
2, 47512, Note_on_c, 0, 48, 80
2, 47513, Note_on_c, 0, 44, 90
2, 47513, Note_on_c, 0, 51, 88
2, 47513, Note_on_c, 0, 32, 83
2, 47616, Note_on_c, 0, 32, 0
2, 47627, Note_on_c, 0, 32, 83
2, 47892, Note_on_c, 0, 32, 0
2, 47892, Note_on_c, 0, 44, 0
2, 47896, Note_on_c, 0, 32, 75
2, 47896, Note_on_c, 0, 44, 89
2, 47897, Note_on_c, 0, 82, 106
2, 47900, Note_on_c, 0, 70, 104
2, 47924, Note_on_c, 0, 80, 53
2, 48015, Note_on_c, 0, 48, 0
2, 48015, Note_on_c, 0, 51, 0
2, 48015, Note_on_c, 0, 56, 0
2, 48018, Note_on_c, 0, 84, 109
2, 48020, Note_on_c, 0, 56, 93
2, 48022, Note_on_c, 0, 51, 95
2, 48025, Note_on_c, 0, 72, 103
2, 48026, Note_on_c, 0, 48, 81
2, 48138, Note_on_c, 0, 70, 0
2, 48138, Note_on_c, 0, 82, 0
2, 48143, Note_on_c, 0, 82, 108
2, 48146, Note_on_c, 0, 70, 102
2, 48215, Note_on_c, 0, 66, 0
2, 48219, Note_on_c, 0, 63, 0
2, 48219, Control_c, 0, 64, 0
2, 48219, Note_on_c, 0, 68, 0
2, 48219, Note_on_c, 0, 48, 0
2, 48219, Note_on_c, 0, 82, 0
2, 48219, Note_on_c, 0, 56, 0
2, 48219, Note_on_c, 0, 51, 0
2, 48220, Note_on_c, 0, 32, 0
2, 48220, Note_on_c, 0, 60, 0
2, 48220, Note_on_c, 0, 72, 0
2, 48220, Note_on_c, 0, 84, 0
2, 48221, Note_on_c, 0, 70, 0
2, 48230, Note_on_c, 0, 44, 0
2, 48230, Note_on_c, 0, 80, 0
2, 48257, Note_on_c, 0, 81, 114
2, 48259, Note_on_c, 0, 38, 95
2, 48261, Note_on_c, 0, 78, 104
2, 48263, Note_on_c, 0, 74, 110
2, 48263, Note_on_c, 0, 69, 108
2, 48330, Control_c, 0, 64, 127
2, 48391, Note_on_c, 0, 62, 97
2, 48396, Note_on_c, 0, 57, 87
2, 48399, Note_on_c, 0, 54, 89
2, 48401, Note_on_c, 0, 50, 85
2, 48516, Note_on_c, 0, 42, 70
2, 48614, Note_on_c, 0, 38, 0
2, 48625, Note_on_c, 0, 38, 99
2, 48760, Note_on_c, 0, 50, 0
2, 48760, Note_on_c, 0, 54, 0
2, 48760, Note_on_c, 0, 57, 0
2, 48760, Note_on_c, 0, 62, 0
2, 48764, Note_on_c, 0, 62, 101
2, 48766, Note_on_c, 0, 82, 111
2, 48768, Note_on_c, 0, 74, 0
2, 48768, Note_on_c, 0, 78, 0
2, 48770, Note_on_c, 0, 54, 97
2, 48770, Note_on_c, 0, 57, 96
2, 48770, Note_on_c, 0, 50, 100
2, 48774, Note_on_c, 0, 70, 106
2, 48778, Note_on_c, 0, 78, 97
2, 48779, Note_on_c, 0, 74, 97
2, 48883, Note_on_c, 0, 50, 0
2, 48892, Note_on_c, 0, 50, 89
2, 48998, Note_on_c, 0, 38, 0
2, 49006, Note_on_c, 0, 38, 84
2, 49128, Note_on_c, 0, 42, 0
2, 49128, Note_on_c, 0, 50, 0
2, 49128, Note_on_c, 0, 54, 0
2, 49128, Note_on_c, 0, 57, 0
2, 49128, Note_on_c, 0, 62, 0
2, 49137, Note_on_c, 0, 50, 76
2, 49137, Note_on_c, 0, 42, 85
2, 49138, Note_on_c, 0, 54, 88
2, 49138, Note_on_c, 0, 57, 96
2, 49139, Note_on_c, 0, 62, 94
2, 49274, Note_on_c, 0, 78, 0
2, 49274, Note_on_c, 0, 81, 0
2, 49275, Note_on_c, 0, 84, 116
2, 49278, Note_on_c, 0, 81, 110
2, 49279, Note_on_c, 0, 72, 117
2, 49283, Note_on_c, 0, 78, 110
2, 49421, Note_on_c, 0, 65, 106
2, 49661, Note_on_c, 0, 64, 98
2, 49723, Note_on_c, 0, 63, 97
2, 49744, Note_on_c, 0, 82, 0
2, 49744, Note_on_c, 0, 70, 0
2, 49744, Note_on_c, 0, 62, 0
2, 49744, Note_on_c, 0, 84, 0
2, 49744, Note_on_c, 0, 65, 0
2, 49745, Note_on_c, 0, 57, 0
2, 49745, Note_on_c, 0, 74, 0
2, 49745, Note_on_c, 0, 54, 0
2, 49745, Note_on_c, 0, 81, 0
2, 49745, Note_on_c, 0, 72, 0
2, 49745, Note_on_c, 0, 64, 0
2, 49746, Note_on_c, 0, 78, 0
2, 49746, Note_on_c, 0, 38, 0
2, 49746, Control_c, 0, 64, 0
2, 49751, Note_on_c, 0, 69, 0
2, 49758, Note_on_c, 0, 42, 0
2, 49766, Note_on_c, 0, 50, 0
2, 49781, Note_on_c, 0, 63, 0
2, 49789, Note_on_c, 0, 62, 113
2, 49835, Control_c, 0, 64, 127
2, 50041, Note_on_c, 0, 66, 89
2, 50041, Note_on_c, 0, 50, 97
2, 50045, Note_on_c, 0, 38, 103
2, 50126, Note_on_c, 0, 74, 94
2, 50172, Note_on_c, 0, 78, 95
2, 50209, Note_on_c, 0, 81, 92
2, 50269, Control_c, 0, 64, 0
2, 50270, Note_on_c, 0, 62, 0
2, 50270, Note_on_c, 0, 74, 0
2, 50270, Note_on_c, 0, 38, 0
2, 50271, Note_on_c, 0, 66, 0
2, 50272, Note_on_c, 0, 78, 0
2, 50275, Note_on_c, 0, 81, 0
2, 50280, Note_on_c, 0, 50, 0
2, 50291, Note_on_c, 0, 84, 116
2, 50292, Note_on_c, 0, 31, 101
2, 50293, Note_on_c, 0, 72, 110
2, 50294, Note_on_c, 0, 79, 107
2, 50333, Note_on_c, 0, 31, 0
2, 50365, Control_c, 0, 64, 127
2, 50386, Note_on_c, 0, 43, 58
2, 50424, Note_on_c, 0, 82, 96
2, 50425, Note_on_c, 0, 70, 96
2, 50521, Note_on_c, 0, 58, 92
2, 50542, Note_on_c, 0, 72, 0
2, 50542, Note_on_c, 0, 84, 0
2, 50547, Note_on_c, 0, 84, 104
2, 50549, Note_on_c, 0, 79, 0
2, 50552, Note_on_c, 0, 72, 105
2, 50557, Note_on_c, 0, 79, 94
2, 50657, Note_on_c, 0, 43, 0
2, 50657, Note_on_c, 0, 82, 0
2, 50663, Note_on_c, 0, 82, 90
2, 50663, Note_on_c, 0, 43, 78
2, 50664, Note_on_c, 0, 70, 0
2, 50668, Note_on_c, 0, 31, 79
2, 50669, Note_on_c, 0, 70, 92
2, 50780, Note_on_c, 0, 72, 0
2, 50780, Note_on_c, 0, 84, 0
2, 50784, Note_on_c, 0, 55, 66
2, 50786, Note_on_c, 0, 84, 101
2, 50787, Note_on_c, 0, 60, 82
2, 50787, Note_on_c, 0, 79, 0
2, 50790, Note_on_c, 0, 72, 103
2, 50795, Note_on_c, 0, 60, 0
2, 50796, Note_on_c, 0, 79, 78
2, 50903, Note_on_c, 0, 70, 0
2, 50903, Note_on_c, 0, 82, 0
2, 50910, Note_on_c, 0, 43, 0
2, 50911, Note_on_c, 0, 82, 98
2, 50913, Note_on_c, 0, 70, 97
2, 50918, Note_on_c, 0, 79, 0
2, 50920, Note_on_c, 0, 43, 71
2, 50929, Note_on_c, 0, 79, 73
2, 51010, Note_on_c, 0, 58, 0
2, 51016, Note_on_c, 0, 58, 99
2, 51025, Note_on_c, 0, 55, 0
2, 51025, Note_on_c, 0, 84, 0
2, 51033, Note_on_c, 0, 72, 0
2, 51033, Note_on_c, 0, 79, 0
2, 51034, Note_on_c, 0, 55, 69
2, 51035, Note_on_c, 0, 84, 101
2, 51038, Note_on_c, 0, 72, 102
2, 51041, Note_on_c, 0, 43, 0
2, 51044, Note_on_c, 0, 79, 77
2, 51051, Note_on_c, 0, 43, 55
2, 51133, Note_on_c, 0, 43, 0
2, 51138, Note_on_c, 0, 43, 83
2, 51148, Note_on_c, 0, 82, 0
2, 51155, Note_on_c, 0, 82, 97
2, 51156, Note_on_c, 0, 70, 0
2, 51163, Note_on_c, 0, 70, 97
2, 51254, Note_on_c, 0, 82, 0
2, 51254, Note_on_c, 0, 43, 0
2, 51255, Note_on_c, 0, 70, 0
2, 51255, Control_c, 0, 64, 0
2, 51264, Note_on_c, 0, 55, 0
2, 51271, Note_on_c, 0, 31, 0
2, 51271, Note_on_c, 0, 58, 0
2, 51271, Note_on_c, 0, 72, 0
2, 51271, Note_on_c, 0, 79, 0
2, 51271, Note_on_c, 0, 84, 0
2, 51275, Note_on_c, 0, 84, 110
2, 51278, Note_on_c, 0, 31, 96
2, 51278, Note_on_c, 0, 72, 111
2, 51280, Note_on_c, 0, 79, 107
2, 51340, Control_c, 0, 64, 127
2, 51397, Note_on_c, 0, 43, 76
2, 51398, Note_on_c, 0, 70, 100
2, 51405, Note_on_c, 0, 82, 93
2, 51509, Note_on_c, 0, 72, 0
2, 51509, Note_on_c, 0, 84, 0
2, 51510, Note_on_c, 0, 58, 98
2, 51520, Note_on_c, 0, 84, 100
2, 51520, Note_on_c, 0, 72, 99
2, 51525, Note_on_c, 0, 79, 0
2, 51531, Note_on_c, 0, 79, 65
2, 51545, Note_on_c, 0, 55, 45
2, 51640, Note_on_c, 0, 82, 0
2, 51648, Note_on_c, 0, 43, 0
2, 51648, Note_on_c, 0, 55, 0
2, 51648, Note_on_c, 0, 70, 0
2, 51648, Note_on_c, 0, 79, 0
2, 51651, Note_on_c, 0, 82, 98
2, 51652, Note_on_c, 0, 79, 75
2, 51652, Note_on_c, 0, 70, 95
2, 51653, Note_on_c, 0, 55, 79
2, 51655, Note_on_c, 0, 43, 80
2, 51755, Note_on_c, 0, 84, 0
2, 51763, Note_on_c, 0, 72, 0
2, 51764, Note_on_c, 0, 84, 110
2, 51767, Note_on_c, 0, 72, 104
2, 51770, Note_on_c, 0, 43, 0
2, 51776, Note_on_c, 0, 43, 80
2, 51781, Note_on_c, 0, 74, 83
2, 51781, Note_on_c, 0, 78, 83
2, 51886, Note_on_c, 0, 43, 0
2, 51886, Note_on_c, 0, 55, 0
2, 51886, Note_on_c, 0, 74, 0
2, 51889, Note_on_c, 0, 86, 110
2, 51895, Note_on_c, 0, 43, 86
2, 51896, Note_on_c, 0, 74, 105
2, 51897, Note_on_c, 0, 55, 86
2, 52001, Note_on_c, 0, 84, 0
2, 52008, Note_on_c, 0, 58, 0
2, 52008, Note_on_c, 0, 72, 0
2, 52008, Note_on_c, 0, 79, 0
2, 52012, Note_on_c, 0, 84, 110
2, 52013, Note_on_c, 0, 72, 98
2, 52014, Note_on_c, 0, 79, 96
2, 52016, Note_on_c, 0, 55, 0
2, 52016, Note_on_c, 0, 82, 0
2, 52019, Note_on_c, 0, 58, 90
2, 52023, Note_on_c, 0, 82, 81
2, 52026, Note_on_c, 0, 55, 79
2, 52108, Note_on_c, 0, 55, 0
2, 52116, Note_on_c, 0, 43, 0
2, 52119, Note_on_c, 0, 55, 84
2, 52124, Note_on_c, 0, 82, 0
2, 52127, Note_on_c, 0, 43, 82
2, 52131, Note_on_c, 0, 82, 105
2, 52131, Note_on_c, 0, 70, 0
2, 52139, Note_on_c, 0, 58, 0
2, 52141, Note_on_c, 0, 70, 102
2, 52226, Note_on_c, 0, 74, 0
2, 52227, Note_on_c, 0, 72, 0
2, 52227, Note_on_c, 0, 86, 0
2, 52227, Note_on_c, 0, 78, 0
2, 52227, Note_on_c, 0, 82, 0
2, 52227, Note_on_c, 0, 79, 0
2, 52227, Note_on_c, 0, 84, 0
2, 52227, Note_on_c, 0, 43, 0
2, 52228, Control_c, 0, 64, 0
2, 52231, Note_on_c, 0, 31, 0
2, 52239, Note_on_c, 0, 55, 0
2, 52254, Note_on_c, 0, 70, 0
2, 52257, Note_on_c, 0, 77, 114
2, 52257, Note_on_c, 0, 65, 109
2, 52258, Note_on_c, 0, 70, 109
2, 52258, Note_on_c, 0, 34, 107
2, 52267, Note_on_c, 0, 74, 81
2, 52323, Control_c, 0, 64, 127
2, 52508, Note_on_c, 0, 62, 88
2, 52511, Note_on_c, 0, 58, 88
2, 52628, Note_on_c, 0, 46, 92
2, 52631, Note_on_c, 0, 70, 0
2, 52634, Note_on_c, 0, 82, 106
2, 52636, Note_on_c, 0, 70, 97
2, 52738, Note_on_c, 0, 46, 0
2, 52746, Note_on_c, 0, 74, 0
2, 52746, Note_on_c, 0, 82, 0
2, 52747, Note_on_c, 0, 46, 91
2, 52753, Note_on_c, 0, 34, 0
2, 52753, Note_on_c, 0, 70, 0
2, 52753, Note_on_c, 0, 77, 0
2, 52754, Note_on_c, 0, 82, 108
2, 52757, Note_on_c, 0, 74, 98
2, 52758, Note_on_c, 0, 34, 81
2, 52758, Note_on_c, 0, 70, 102
2, 52763, Note_on_c, 0, 77, 95
2, 52876, Note_on_c, 0, 46, 0
2, 52880, Note_on_c, 0, 46, 88
2, 52999, Note_on_c, 0, 62, 0
2, 53007, Note_on_c, 0, 58, 0
2, 53007, Note_on_c, 0, 62, 98
2, 53011, Note_on_c, 0, 58, 94
2, 53107, Note_on_c, 0, 46, 0
2, 53118, Note_on_c, 0, 46, 92
2, 53233, Note_on_c, 0, 82, 0
2, 53234, Note_on_c, 0, 74, 0
2, 53234, Note_on_c, 0, 77, 0
2, 53234, Note_on_c, 0, 62, 0
2, 53235, Control_c, 0, 64, 0
2, 53245, Note_on_c, 0, 58, 0
2, 53253, Note_on_c, 0, 34, 0
2, 53254, Note_on_c, 0, 58, 86
2, 53258, Note_on_c, 0, 34, 105
2, 53260, Note_on_c, 0, 46, 0
2, 53337, Note_on_c, 0, 65, 0
2, 53345, Note_on_c, 0, 58, 0
2, 53352, Control_c, 0, 64, 127
2, 53364, Note_on_c, 0, 46, 94
2, 53397, Note_on_c, 0, 72, 104
2, 53512, Note_on_c, 0, 62, 91
2, 53518, Note_on_c, 0, 58, 79
2, 53637, Note_on_c, 0, 70, 0
2, 53644, Note_on_c, 0, 34, 0
2, 53647, Note_on_c, 0, 70, 97
2, 53654, Note_on_c, 0, 34, 76
2, 53760, Note_on_c, 0, 46, 0
2, 53760, Note_on_c, 0, 62, 0
2, 53764, Note_on_c, 0, 62, 63
2, 53764, Note_on_c, 0, 46, 88
2, 53882, Note_on_c, 0, 46, 0
2, 53889, Note_on_c, 0, 46, 96
2, 54013, Note_on_c, 0, 58, 0
2, 54013, Note_on_c, 0, 62, 0
2, 54023, Note_on_c, 0, 62, 99
2, 54024, Note_on_c, 0, 58, 96
2, 54113, Note_on_c, 0, 46, 0
2, 54120, Note_on_c, 0, 46, 104
2, 54136, Note_on_c, 0, 70, 0
2, 54144, Note_on_c, 0, 70, 102
2, 54146, Note_on_c, 0, 82, 104
2, 54224, Note_on_c, 0, 34, 0
2, 54225, Note_on_c, 0, 62, 0
2, 54226, Note_on_c, 0, 72, 0
2, 54226, Note_on_c, 0, 58, 0
2, 54226, Control_c, 0, 64, 0
2, 54226, Note_on_c, 0, 70, 0
2, 54226, Note_on_c, 0, 82, 0
2, 54243, Note_on_c, 0, 46, 0
2, 54260, Note_on_c, 0, 75, 103
2, 54260, Note_on_c, 0, 84, 111
2, 54262, Note_on_c, 0, 72, 109
2, 54265, Note_on_c, 0, 34, 82
2, 54305, Control_c, 0, 64, 127
2, 54378, Note_on_c, 0, 39, 81
2, 54385, Note_on_c, 0, 82, 102
2, 54390, Note_on_c, 0, 70, 100
2, 54497, Note_on_c, 0, 72, 0
2, 54497, Note_on_c, 0, 84, 0
2, 54506, Note_on_c, 0, 84, 102
2, 54506, Note_on_c, 0, 72, 108
2, 54520, Note_on_c, 0, 75, 0
2, 54525, Note_on_c, 0, 51, 58
2, 54530, Note_on_c, 0, 75, 86
2, 54530, Note_on_c, 0, 55, 69
2, 54535, Note_on_c, 0, 51, 0
2, 54612, Note_on_c, 0, 39, 0
2, 54620, Note_on_c, 0, 70, 0
2, 54620, Note_on_c, 0, 82, 0
2, 54623, Note_on_c, 0, 39, 90
2, 54626, Note_on_c, 0, 82, 104
2, 54630, Note_on_c, 0, 70, 99
2, 54743, Note_on_c, 0, 34, 0
2, 54743, Note_on_c, 0, 84, 0
2, 54747, Note_on_c, 0, 34, 74
2, 54750, Note_on_c, 0, 72, 0
2, 54750, Note_on_c, 0, 75, 0
2, 54753, Note_on_c, 0, 84, 101
2, 54754, Note_on_c, 0, 72, 104
2, 54759, Note_on_c, 0, 75, 91
2, 54858, Note_on_c, 0, 39, 0
2, 54858, Note_on_c, 0, 82, 0
2, 54862, Note_on_c, 0, 39, 80
2, 54865, Note_on_c, 0, 70, 0
2, 54869, Note_on_c, 0, 82, 102
2, 54877, Note_on_c, 0, 70, 100
2, 54883, Note_on_c, 0, 79, 71
2, 54988, Note_on_c, 0, 72, 0
2, 54988, Note_on_c, 0, 84, 0
2, 54992, Note_on_c, 0, 84, 108
2, 54993, Note_on_c, 0, 72, 109
2, 54995, Note_on_c, 0, 63, 88
2, 54996, Note_on_c, 0, 55, 0
2, 54996, Note_on_c, 0, 75, 0
2, 54999, Note_on_c, 0, 51, 91
2, 55000, Note_on_c, 0, 75, 99
2, 55001, Note_on_c, 0, 55, 89
2, 55007, Note_on_c, 0, 58, 75
2, 55011, Note_on_c, 0, 58, 0
2, 55096, Note_on_c, 0, 39, 0
2, 55101, Note_on_c, 0, 39, 95
2, 55111, Note_on_c, 0, 70, 0
2, 55111, Note_on_c, 0, 82, 0
2, 55115, Note_on_c, 0, 82, 98
2, 55118, Note_on_c, 0, 70, 101
2, 55208, Note_on_c, 0, 34, 0
2, 55209, Note_on_c, 0, 39, 0
2, 55209, Control_c, 0, 64, 0
2, 55209, Note_on_c, 0, 75, 0
2, 55209, Note_on_c, 0, 55, 0
2, 55211, Note_on_c, 0, 70, 0
2, 55211, Note_on_c, 0, 63, 0
2, 55219, Note_on_c, 0, 79, 0
2, 55226, Note_on_c, 0, 51, 0
2, 55226, Note_on_c, 0, 72, 0
2, 55226, Note_on_c, 0, 84, 0
2, 55233, Note_on_c, 0, 84, 111
2, 55235, Note_on_c, 0, 29, 82
2, 55238, Note_on_c, 0, 72, 109
2, 55241, Note_on_c, 0, 77, 105
2, 55247, Note_on_c, 0, 36, 67
2, 55288, Control_c, 0, 64, 127
2, 55326, Note_on_c, 0, 41, 74
2, 55365, Note_on_c, 0, 82, 0
2, 55369, Note_on_c, 0, 82, 94
2, 55370, Note_on_c, 0, 70, 93
2, 55458, Note_on_c, 0, 63, 73
2, 55464, Note_on_c, 0, 57, 93
2, 55464, Note_on_c, 0, 36, 0
2, 55464, Note_on_c, 0, 63, 0
2, 55473, Note_on_c, 0, 53, 77
2, 55480, Note_on_c, 0, 72, 0
2, 55480, Note_on_c, 0, 77, 0
2, 55480, Note_on_c, 0, 84, 0
2, 55484, Note_on_c, 0, 84, 94
2, 55486, Note_on_c, 0, 72, 90
2, 55487, Note_on_c, 0, 77, 93
2, 55595, Note_on_c, 0, 41, 0
2, 55595, Note_on_c, 0, 70, 0
2, 55595, Note_on_c, 0, 82, 0
2, 55605, Note_on_c, 0, 82, 96
2, 55605, Note_on_c, 0, 41, 94
2, 55606, Note_on_c, 0, 70, 99
2, 55710, Note_on_c, 0, 72, 0
2, 55710, Note_on_c, 0, 84, 0
2, 55716, Note_on_c, 0, 69, 84
2, 55718, Note_on_c, 0, 84, 103
2, 55722, Note_on_c, 0, 72, 99
2, 55726, Note_on_c, 0, 77, 0
2, 55732, Note_on_c, 0, 77, 84
2, 55833, Note_on_c, 0, 41, 0
2, 55841, Note_on_c, 0, 41, 66
2, 55844, Note_on_c, 0, 86, 109
2, 55850, Note_on_c, 0, 74, 102
2, 55852, Note_on_c, 0, 78, 84
2, 55948, Note_on_c, 0, 84, 0
2, 55956, Note_on_c, 0, 72, 0
2, 55959, Note_on_c, 0, 84, 108
2, 55960, Note_on_c, 0, 72, 106
2, 55964, Note_on_c, 0, 57, 0
2, 55971, Note_on_c, 0, 53, 0
2, 55971, Note_on_c, 0, 77, 0
2, 55971, Note_on_c, 0, 78, 0
2, 55975, Note_on_c, 0, 57, 98
2, 55976, Note_on_c, 0, 77, 75
2, 55977, Note_on_c, 0, 53, 81
2, 55977, Note_on_c, 0, 78, 55
2, 56079, Note_on_c, 0, 70, 0
2, 56079, Note_on_c, 0, 82, 0
2, 56089, Note_on_c, 0, 82, 103
2, 56089, Note_on_c, 0, 70, 101
2, 56094, Note_on_c, 0, 48, 71
2, 56171, Note_on_c, 0, 29, 0
2, 56173, Note_on_c, 0, 48, 0
2, 56174, Note_on_c, 0, 74, 0
2, 56174, Note_on_c, 0, 70, 0
2, 56174, Note_on_c, 0, 86, 0
2, 56175, Note_on_c, 0, 78, 0
2, 56175, Note_on_c, 0, 57, 0
2, 56175, Note_on_c, 0, 72, 0
2, 56176, Control_c, 0, 64, 0
2, 56186, Note_on_c, 0, 53, 0
2, 56186, Note_on_c, 0, 69, 0
2, 56194, Note_on_c, 0, 41, 0
2, 56194, Note_on_c, 0, 84, 0
2, 56209, Note_on_c, 0, 77, 0
2, 56209, Note_on_c, 0, 82, 0
2, 56212, Note_on_c, 0, 89, 116
2, 56215, Note_on_c, 0, 77, 111
2, 56215, Note_on_c, 0, 82, 113
2, 56215, Note_on_c, 0, 34, 105
2, 56263, Control_c, 0, 64, 127
2, 56309, Note_on_c, 0, 34, 0
2, 56314, Note_on_c, 0, 34, 30
2, 56458, Note_on_c, 0, 62, 82
2, 56462, Note_on_c, 0, 70, 74
2, 56462, Note_on_c, 0, 58, 73
2, 56582, Note_on_c, 0, 46, 87
2, 56582, Note_on_c, 0, 87, 99
2, 56586, Note_on_c, 0, 75, 102
2, 56693, Note_on_c, 0, 34, 0
2, 56693, Note_on_c, 0, 46, 0
2, 56701, Note_on_c, 0, 77, 0
2, 56701, Note_on_c, 0, 82, 0
2, 56702, Note_on_c, 0, 46, 91
2, 56703, Note_on_c, 0, 86, 105
2, 56704, Note_on_c, 0, 34, 83
2, 56712, Note_on_c, 0, 74, 100
2, 56712, Note_on_c, 0, 77, 98
2, 56712, Note_on_c, 0, 82, 101
2, 56832, Note_on_c, 0, 46, 0
2, 56843, Note_on_c, 0, 46, 87
2, 56954, Note_on_c, 0, 58, 0
2, 56954, Note_on_c, 0, 62, 0
2, 56960, Note_on_c, 0, 62, 88
2, 56962, Note_on_c, 0, 58, 82
2, 57070, Note_on_c, 0, 46, 0
2, 57075, Note_on_c, 0, 46, 100
2, 57081, Note_on_c, 0, 84, 100
2, 57084, Note_on_c, 0, 72, 100
2, 57160, Note_on_c, 0, 34, 0
2, 57161, Note_on_c, 0, 46, 0
2, 57161, Note_on_c, 0, 89, 0
2, 57162, Note_on_c, 0, 87, 0
2, 57162, Note_on_c, 0, 86, 0
2, 57162, Note_on_c, 0, 62, 0
2, 57163, Note_on_c, 0, 84, 0
2, 57163, Note_on_c, 0, 75, 0
2, 57163, Note_on_c, 0, 77, 0
2, 57163, Note_on_c, 0, 72, 0
2, 57163, Note_on_c, 0, 74, 0
2, 57164, Note_on_c, 0, 82, 0
2, 57164, Control_c, 0, 64, 0
2, 57169, Note_on_c, 0, 70, 0
2, 57177, Note_on_c, 0, 58, 0
2, 57206, Note_on_c, 0, 34, 102
2, 57207, Note_on_c, 0, 82, 107
2, 57211, Note_on_c, 0, 70, 109
2, 57213, Note_on_c, 0, 77, 91
2, 57269, Control_c, 0, 64, 127
2, 57300, Note_on_c, 0, 34, 0
2, 57318, Note_on_c, 0, 46, 72
2, 57450, Note_on_c, 0, 62, 88
2, 57453, Note_on_c, 0, 58, 86
2, 57571, Note_on_c, 0, 79, 101
2, 57580, Note_on_c, 0, 67, 93
2, 57584, Note_on_c, 0, 46, 0
2, 57593, Note_on_c, 0, 46, 80
2, 57699, Note_on_c, 0, 70, 0
2, 57699, Note_on_c, 0, 77, 0
2, 57703, Note_on_c, 0, 77, 104
2, 57708, Note_on_c, 0, 74, 93
2, 57708, Note_on_c, 0, 70, 90
2, 57710, Note_on_c, 0, 65, 92
2, 57822, Note_on_c, 0, 46, 0
2, 57831, Note_on_c, 0, 46, 93
2, 57945, Note_on_c, 0, 62, 0
2, 57956, Note_on_c, 0, 62, 95
2, 57968, Note_on_c, 0, 58, 0
2, 57977, Note_on_c, 0, 58, 77
2, 58083, Note_on_c, 0, 70, 0
2, 58083, Note_on_c, 0, 74, 0
2, 58088, Note_on_c, 0, 74, 93
2, 58090, Note_on_c, 0, 70, 69
2, 58172, Note_on_c, 0, 82, 0
2, 58174, Note_on_c, 0, 79, 0
2, 58174, Note_on_c, 0, 65, 0
2, 58174, Note_on_c, 0, 77, 0
2, 58174, Control_c, 0, 64, 0
2, 58174, Note_on_c, 0, 74, 0
2, 58183, Note_on_c, 0, 62, 0
2, 58191, Note_on_c, 0, 46, 0
2, 58191, Note_on_c, 0, 58, 0
2, 58199, Note_on_c, 0, 67, 0
2, 58199, Note_on_c, 0, 70, 0
2, 58205, Note_on_c, 0, 75, 106
2, 58207, Note_on_c, 0, 39, 95
2, 58208, Note_on_c, 0, 67, 99
2, 58209, Note_on_c, 0, 70, 100
2, 58245, Control_c, 0, 64, 127
2, 58324, Note_on_c, 0, 51, 67
2, 58452, Note_on_c, 0, 67, 0
2, 58452, Note_on_c, 0, 63, 88
2, 58455, Note_on_c, 0, 82, 100
2, 58456, Note_on_c, 0, 55, 80
2, 58459, Note_on_c, 0, 58, 80
2, 58462, Note_on_c, 0, 79, 71
2, 58463, Note_on_c, 0, 67, 77
2, 58571, Control_c, 0, 64, 0
2, 58571, Note_on_c, 0, 82, 0
2, 58572, Note_on_c, 0, 39, 0
2, 58572, Note_on_c, 0, 79, 0
2, 58572, Note_on_c, 0, 51, 0
2, 58572, Note_on_c, 0, 63, 0
2, 58572, Note_on_c, 0, 55, 0
2, 58572, Note_on_c, 0, 67, 0
2, 58573, Note_on_c, 0, 58, 0
2, 58573, Note_on_c, 0, 75, 0
2, 58573, Note_on_c, 0, 70, 0
2, 58585, Note_on_c, 0, 81, 111
2, 58591, Note_on_c, 0, 69, 101
2, 58591, Note_on_c, 0, 57, 86
2, 58592, Note_on_c, 0, 78, 100
2, 58592, Note_on_c, 0, 74, 98
2, 58592, Note_on_c, 0, 41, 68
2, 58594, Note_on_c, 0, 38, 84
2, 58595, Note_on_c, 0, 62, 80
2, 58598, Note_on_c, 0, 38, 0
2, 58644, Note_on_c, 0, 57, 0
2, 58667, Control_c, 0, 64, 127
2, 58682, Note_on_c, 0, 41, 0
2, 58682, Note_on_c, 0, 62, 0
2, 58844, Note_on_c, 0, 78, 0
2, 58849, Note_on_c, 0, 78, 97
2, 58854, Note_on_c, 0, 50, 81
2, 58959, Note_on_c, 0, 74, 0
2, 58969, Note_on_c, 0, 74, 100
2, 58971, Note_on_c, 0, 62, 93
2, 58971, Note_on_c, 0, 54, 81
2, 59089, Note_on_c, 0, 62, 0
2, 59091, Note_on_c, 0, 72, 110
2, 59099, Note_on_c, 0, 62, 95
2, 59104, Note_on_c, 0, 43, 97
2, 59108, Note_on_c, 0, 55, 98
2, 59110, Note_on_c, 0, 50, 0
2, 59116, Note_on_c, 0, 54, 0
2, 59119, Note_on_c, 0, 81, 0
2, 59119, Note_on_c, 0, 78, 0
2, 59123, Note_on_c, 0, 74, 0
2, 59128, Control_c, 0, 64, 0
2, 59128, Note_on_c, 0, 69, 0
2, 59258, Control_c, 0, 64, 127
2, 59347, Note_on_c, 0, 50, 79
2, 59350, Note_on_c, 0, 70, 90
2, 59458, Note_on_c, 0, 55, 0
2, 59462, Note_on_c, 0, 58, 101
2, 59466, Note_on_c, 0, 69, 100
2, 59468, Note_on_c, 0, 55, 86
2, 59470, Note_on_c, 0, 43, 0
2, 59581, Note_on_c, 0, 70, 0
2, 59591, Note_on_c, 0, 70, 102
2, 59593, Note_on_c, 0, 68, 73
2, 59638, Note_on_c, 0, 55, 0
2, 59638, Note_on_c, 0, 50, 0
2, 59638, Note_on_c, 0, 58, 0
2, 59638, Note_on_c, 0, 69, 0
2, 59638, Note_on_c, 0, 72, 0
2, 59639, Note_on_c, 0, 70, 0
2, 59639, Note_on_c, 0, 68, 0
2, 59641, Control_c, 0, 64, 0
2, 59642, Note_on_c, 0, 62, 0
2, 59708, Note_on_c, 0, 74, 110
2, 59712, Control_c, 0, 64, 127
2, 59712, Note_on_c, 0, 70, 93
2, 59713, Note_on_c, 0, 62, 102
2, 59714, Note_on_c, 0, 41, 89
2, 59716, Note_on_c, 0, 53, 90
2, 59815, Note_on_c, 0, 41, 0
2, 59817, Note_on_c, 0, 62, 0
2, 59817, Note_on_c, 0, 53, 0
2, 59818, Note_on_c, 0, 70, 0
2, 59819, Note_on_c, 0, 74, 0
2, 59820, Control_c, 0, 64, 0
2, 59892, Note_on_c, 0, 79, 112
2, 59900, Note_on_c, 0, 67, 105
2, 59901, Note_on_c, 0, 62, 93
2, 59906, Note_on_c, 0, 58, 89
2, 59906, Note_on_c, 0, 53, 85
2, 59930, Note_on_c, 0, 67, 0
2, 59934, Note_on_c, 0, 79, 0
2, 59937, Note_on_c, 0, 62, 0
2, 59938, Note_on_c, 0, 58, 0
2, 59940, Note_on_c, 0, 53, 0
2, 60065, Note_on_c, 0, 82, 109
2, 60068, Note_on_c, 0, 62, 89
2, 60068, Note_on_c, 0, 70, 103
2, 60075, Note_on_c, 0, 58, 88
2, 60077, Note_on_c, 0, 53, 82
2, 60100, Note_on_c, 0, 62, 0
2, 60106, Note_on_c, 0, 58, 0
2, 60113, Note_on_c, 0, 70, 0
2, 60118, Note_on_c, 0, 82, 0
2, 60126, Note_on_c, 0, 53, 0
2, 60221, Note_on_c, 0, 84, 113
2, 60221, Note_on_c, 0, 79, 108
2, 60221, Note_on_c, 0, 72, 111
2, 60221, Note_on_c, 0, 76, 109
2, 60238, Note_on_c, 0, 40, 91
2, 60240, Note_on_c, 0, 52, 92
2, 60249, Control_c, 0, 64, 127
2, 60472, Note_on_c, 0, 52, 0
2, 60474, Note_on_c, 0, 60, 85
2, 60477, Note_on_c, 0, 52, 64
2, 60477, Note_on_c, 0, 67, 78
2, 60478, Note_on_c, 0, 55, 82
2, 60587, Note_on_c, 0, 79, 0
2, 60598, Note_on_c, 0, 79, 105
2, 60602, Note_on_c, 0, 52, 0
2, 60611, Note_on_c, 0, 52, 85
2, 60710, Note_on_c, 0, 79, 0
2, 60718, Note_on_c, 0, 40, 0
2, 60718, Note_on_c, 0, 60, 0
2, 60718, Note_on_c, 0, 72, 0
2, 60721, Note_on_c, 0, 79, 113
2, 60722, Note_on_c, 0, 40, 87
2, 60722, Note_on_c, 0, 60, 83
2, 60728, Note_on_c, 0, 43, 72
2, 60728, Note_on_c, 0, 72, 94
2, 60733, Note_on_c, 0, 43, 0
2, 60741, Note_on_c, 0, 76, 0
2, 60746, Note_on_c, 0, 76, 71
2, 60848, Note_on_c, 0, 52, 0
2, 60856, Note_on_c, 0, 52, 85
2, 60971, Note_on_c, 0, 55, 0
2, 60971, Note_on_c, 0, 60, 0
2, 60977, Note_on_c, 0, 60, 96
2, 60978, Note_on_c, 0, 55, 92
2, 61086, Note_on_c, 0, 52, 0
2, 61092, Note_on_c, 0, 52, 93
2, 61094, Note_on_c, 0, 79, 0
2, 61094, Note_on_c, 0, 40, 0
2, 61104, Note_on_c, 0, 79, 106
2, 61105, Note_on_c, 0, 43, 78
2, 61175, Control_c, 0, 64, 0
2, 61177, Note_on_c, 0, 52, 0
2, 61178, Note_on_c, 0, 76, 0
2, 61179, Note_on_c, 0, 60, 0
2, 61179, Note_on_c, 0, 84, 0
2, 61179, Note_on_c, 0, 43, 0
2, 61179, Note_on_c, 0, 79, 0
2, 61179, Note_on_c, 0, 72, 0
2, 61179, Note_on_c, 0, 55, 0
2, 61186, Note_on_c, 0, 67, 0
2, 61225, Note_on_c, 0, 86, 111
2, 61229, Note_on_c, 0, 81, 106
2, 61230, Note_on_c, 0, 74, 113
2, 61234, Note_on_c, 0, 78, 109
2, 61236, Note_on_c, 0, 54, 99
2, 61236, Note_on_c, 0, 42, 97
2, 61278, Control_c, 0, 64, 127
2, 61359, Note_on_c, 0, 51, 66
2, 61370, Note_on_c, 0, 54, 0
2, 61374, Note_on_c, 0, 50, 82
2, 61481, Note_on_c, 0, 54, 95
2, 61482, Note_on_c, 0, 57, 100
2, 61593, Note_on_c, 0, 50, 0
2, 61602, Note_on_c, 0, 50, 64
2, 61697, Control_c, 0, 64, 0
2, 61699, Note_on_c, 0, 51, 0
2, 61699, Note_on_c, 0, 86, 0
2, 61699, Note_on_c, 0, 57, 0
2, 61700, Note_on_c, 0, 78, 0
2, 61700, Note_on_c, 0, 74, 0
2, 61708, Note_on_c, 0, 42, 0
2, 61708, Note_on_c, 0, 54, 0
2, 61716, Note_on_c, 0, 50, 0
2, 61724, Note_on_c, 0, 84, 112
2, 61724, Note_on_c, 0, 81, 0
2, 61728, Note_on_c, 0, 81, 104
2, 61729, Note_on_c, 0, 72, 108
2, 61730, Note_on_c, 0, 78, 107
2, 61732, Note_on_c, 0, 38, 100
2, 61777, Control_c, 0, 64, 127
2, 61870, Note_on_c, 0, 50, 78
2, 61987, Note_on_c, 0, 57, 98
2, 61994, Note_on_c, 0, 54, 78
2, 62062, Note_on_c, 0, 50, 0
2, 62062, Note_on_c, 0, 62, 84
2, 62067, Note_on_c, 0, 74, 80
2, 62067, Note_on_c, 0, 50, 80
2, 62085, Note_on_c, 0, 78, 0
2, 62096, Note_on_c, 0, 78, 94
2, 62123, Note_on_c, 0, 74, 0
2, 62123, Note_on_c, 0, 81, 0
2, 62127, Note_on_c, 0, 81, 97
2, 62134, Note_on_c, 0, 74, 73
2, 62169, Note_on_c, 0, 62, 0
2, 62181, Control_c, 0, 64, 0
2, 62181, Note_on_c, 0, 74, 0
2, 62182, Note_on_c, 0, 50, 0
2, 62183, Note_on_c, 0, 54, 0
2, 62183, Note_on_c, 0, 72, 0
2, 62183, Note_on_c, 0, 57, 0
2, 62183, Note_on_c, 0, 81, 0
2, 62183, Note_on_c, 0, 78, 0
2, 62185, Note_on_c, 0, 38, 0
2, 62208, Note_on_c, 0, 84, 0
2, 62219, Note_on_c, 0, 84, 112
2, 62222, Note_on_c, 0, 43, 88
2, 62224, Note_on_c, 0, 79, 99
2, 62225, Note_on_c, 0, 31, 98
2, 62225, Note_on_c, 0, 74, 105
2, 62261, Note_on_c, 0, 43, 0
2, 62261, Control_c, 0, 64, 127
2, 62319, Note_on_c, 0, 43, 85
2, 62349, Note_on_c, 0, 82, 100
2, 62366, Note_on_c, 0, 70, 78
2, 62461, Note_on_c, 0, 84, 0
2, 62469, Note_on_c, 0, 79, 0
2, 62470, Note_on_c, 0, 84, 107
2, 62470, Note_on_c, 0, 58, 94
2, 62471, Note_on_c, 0, 72, 106
2, 62473, Note_on_c, 0, 79, 96
2, 62477, Note_on_c, 0, 78, 75
2, 62492, Note_on_c, 0, 43, 0
2, 62492, Note_on_c, 0, 74, 0
2, 62502, Note_on_c, 0, 74, 54
2, 62503, Note_on_c, 0, 43, 58
2, 62565, Note_on_c, 0, 46, 83
2, 62584, Note_on_c, 0, 82, 0
2, 62592, Note_on_c, 0, 43, 0
2, 62595, Note_on_c, 0, 82, 95
2, 62599, Note_on_c, 0, 70, 0
2, 62602, Note_on_c, 0, 43, 78
2, 62604, Note_on_c, 0, 70, 89
2, 62714, Note_on_c, 0, 31, 0
2, 62714, Note_on_c, 0, 43, 0
2, 62714, Note_on_c, 0, 72, 0
2, 62714, Note_on_c, 0, 79, 0
2, 62714, Note_on_c, 0, 84, 0
2, 62718, Note_on_c, 0, 72, 94
2, 62720, Note_on_c, 0, 84, 94
2, 62723, Note_on_c, 0, 43, 94
2, 62724, Note_on_c, 0, 83, 88
2, 62726, Note_on_c, 0, 31, 84
2, 62726, Note_on_c, 0, 79, 88
2, 62830, Note_on_c, 0, 82, 0
2, 62837, Note_on_c, 0, 31, 0
2, 62837, Note_on_c, 0, 43, 0
2, 62837, Note_on_c, 0, 70, 0
2, 62841, Note_on_c, 0, 82, 97
2, 62847, Note_on_c, 0, 70, 98
2, 62849, Note_on_c, 0, 43, 81
2, 62849, Note_on_c, 0, 31, 76
2, 62952, Note_on_c, 0, 58, 0
2, 62952, Note_on_c, 0, 72, 0
2, 62952, Note_on_c, 0, 84, 0
2, 62964, Note_on_c, 0, 84, 106
2, 62964, Note_on_c, 0, 58, 98
2, 62964, Note_on_c, 0, 72, 104
2, 62968, Note_on_c, 0, 78, 0
2, 62968, Note_on_c, 0, 79, 0
2, 62972, Note_on_c, 0, 79, 81
2, 62972, Note_on_c, 0, 78, 77
2, 63060, Note_on_c, 0, 43, 0
2, 63071, Note_on_c, 0, 43, 76
2, 63083, Note_on_c, 0, 70, 0
2, 63083, Note_on_c, 0, 82, 0
2, 63087, Note_on_c, 0, 82, 99
2, 63094, Note_on_c, 0, 70, 97
2, 63179, Note_on_c, 0, 74, 0
2, 63180, Note_on_c, 0, 82, 0
2, 63181, Note_on_c, 0, 79, 0
2, 63182, Control_c, 0, 64, 0
2, 63183, Note_on_c, 0, 46, 0
2, 63183, Note_on_c, 0, 83, 0
2, 63191, Note_on_c, 0, 78, 0
2, 63198, Note_on_c, 0, 58, 0
2, 63198, Note_on_c, 0, 70, 0
2, 63198, Note_on_c, 0, 84, 0
2, 63206, Note_on_c, 0, 31, 0
2, 63206, Note_on_c, 0, 72, 0
2, 63210, Note_on_c, 0, 84, 113
2, 63211, Note_on_c, 0, 31, 93
2, 63212, Note_on_c, 0, 72, 110
2, 63216, Note_on_c, 0, 79, 108
2, 63224, Note_on_c, 0, 78, 83
2, 63244, Note_on_c, 0, 43, 0
2, 63250, Note_on_c, 0, 31, 0
2, 63260, Control_c, 0, 64, 127
2, 63331, Note_on_c, 0, 82, 94
2, 63331, Note_on_c, 0, 43, 75
2, 63334, Note_on_c, 0, 70, 94
2, 63444, Note_on_c, 0, 72, 0
2, 63444, Note_on_c, 0, 84, 0
2, 63447, Note_on_c, 0, 58, 100
2, 63452, Note_on_c, 0, 43, 0
2, 63452, Note_on_c, 0, 79, 0
2, 63455, Note_on_c, 0, 84, 98
2, 63455, Note_on_c, 0, 72, 99
2, 63457, Note_on_c, 0, 31, 80
2, 63458, Note_on_c, 0, 43, 81
2, 63462, Note_on_c, 0, 79, 96
2, 63475, Note_on_c, 0, 78, 0
2, 63479, Note_on_c, 0, 78, 47
2, 63575, Note_on_c, 0, 43, 0
2, 63575, Note_on_c, 0, 70, 0
2, 63575, Note_on_c, 0, 82, 0
2, 63582, Note_on_c, 0, 82, 96
2, 63582, Note_on_c, 0, 79, 0
2, 63585, Note_on_c, 0, 70, 95
2, 63586, Note_on_c, 0, 43, 84
2, 63588, Note_on_c, 0, 79, 85
2, 63690, Note_on_c, 0, 84, 0
2, 63697, Note_on_c, 0, 72, 0
2, 63699, Note_on_c, 0, 84, 103
2, 63708, Note_on_c, 0, 72, 99
2, 63720, Note_on_c, 0, 74, 63
2, 63720, Note_on_c, 0, 43, 0
2, 63728, Note_on_c, 0, 43, 77
2, 63820, Note_on_c, 0, 43, 0
2, 63820, Note_on_c, 0, 74, 0
2, 63821, Note_on_c, 0, 86, 108
2, 63824, Note_on_c, 0, 74, 104
2, 63825, Note_on_c, 0, 55, 87
2, 63825, Note_on_c, 0, 43, 83
2, 63848, Note_on_c, 0, 83, 74
2, 63936, Note_on_c, 0, 55, 0
2, 63936, Note_on_c, 0, 58, 0
2, 63936, Note_on_c, 0, 70, 0
2, 63936, Note_on_c, 0, 84, 0
2, 63943, Note_on_c, 0, 72, 0
2, 63945, Note_on_c, 0, 55, 89
2, 63946, Note_on_c, 0, 84, 100
2, 63946, Note_on_c, 0, 58, 96
2, 63946, Note_on_c, 0, 70, 97
2, 63947, Note_on_c, 0, 67, 91
2, 63948, Note_on_c, 0, 72, 92
2, 63951, Note_on_c, 0, 79, 0
2, 63955, Note_on_c, 0, 79, 91
2, 63959, Note_on_c, 0, 67, 0
2, 64049, Note_on_c, 0, 46, 82
2, 64051, Note_on_c, 0, 82, 0
2, 64057, Note_on_c, 0, 82, 108
2, 64061, Note_on_c, 0, 43, 0
2, 64066, Note_on_c, 0, 70, 0
2, 64076, Note_on_c, 0, 70, 99
2, 64157, Note_on_c, 0, 74, 0
2, 64157, Note_on_c, 0, 72, 0
2, 64158, Note_on_c, 0, 82, 0
2, 64158, Note_on_c, 0, 46, 0
2, 64159, Note_on_c, 0, 79, 0
2, 64159, Note_on_c, 0, 84, 0
2, 64159, Note_on_c, 0, 83, 0
2, 64160, Note_on_c, 0, 55, 0
2, 64160, Control_c, 0, 64, 0
2, 64160, Note_on_c, 0, 86, 0
2, 64166, Note_on_c, 0, 31, 0
2, 64174, Note_on_c, 0, 58, 0
2, 64174, Note_on_c, 0, 78, 0
2, 64189, Note_on_c, 0, 70, 0
2, 64191, Note_on_c, 0, 77, 112
2, 64192, Note_on_c, 0, 46, 105
2, 64192, Note_on_c, 0, 74, 91
2, 64193, Note_on_c, 0, 65, 106
2, 64193, Note_on_c, 0, 70, 108
2, 64193, Note_on_c, 0, 34, 103
2, 64235, Control_c, 0, 64, 127
2, 64312, Note_on_c, 0, 46, 0
2, 64322, Note_on_c, 0, 46, 62
2, 64449, Note_on_c, 0, 62, 90
2, 64454, Note_on_c, 0, 58, 90
2, 64565, Note_on_c, 0, 46, 0
2, 64565, Note_on_c, 0, 70, 0
2, 64570, Note_on_c, 0, 82, 105
2, 64570, Note_on_c, 0, 46, 98
2, 64574, Note_on_c, 0, 70, 99
2, 64680, Note_on_c, 0, 46, 0
2, 64688, Note_on_c, 0, 46, 94
2, 64688, Note_on_c, 0, 34, 0
2, 64688, Note_on_c, 0, 74, 0
2, 64688, Note_on_c, 0, 82, 0
2, 64695, Note_on_c, 0, 74, 89
2, 64696, Note_on_c, 0, 82, 105
2, 64696, Note_on_c, 0, 70, 0
2, 64696, Note_on_c, 0, 77, 0
2, 64696, Note_on_c, 0, 34, 83
2, 64701, Note_on_c, 0, 70, 96
2, 64703, Note_on_c, 0, 77, 87
2, 64819, Note_on_c, 0, 46, 0
2, 64825, Note_on_c, 0, 46, 91
2, 64949, Note_on_c, 0, 58, 0
2, 64949, Note_on_c, 0, 62, 0
2, 64953, Note_on_c, 0, 62, 88
2, 64959, Note_on_c, 0, 58, 84
2, 65057, Note_on_c, 0, 46, 0
2, 65065, Note_on_c, 0, 46, 74
2, 65168, Note_on_c, 0, 46, 0
2, 65169, Note_on_c, 0, 82, 0
2, 65169, Note_on_c, 0, 77, 0
2, 65169, Note_on_c, 0, 74, 0
2, 65169, Note_on_c, 0, 62, 0
2, 65169, Note_on_c, 0, 70, 0
2, 65172, Control_c, 0, 64, 0
2, 65180, Note_on_c, 0, 34, 0
2, 65187, Note_on_c, 0, 58, 0
2, 65187, Note_on_c, 0, 65, 0
2, 65190, Note_on_c, 0, 34, 106
2, 65256, Control_c, 0, 64, 127
2, 65307, Note_on_c, 0, 46, 81
2, 65335, Note_on_c, 0, 72, 102
2, 65337, Note_on_c, 0, 70, 68
2, 65446, Note_on_c, 0, 62, 89
2, 65448, Note_on_c, 0, 70, 0
2, 65453, Note_on_c, 0, 58, 77
2, 65453, Note_on_c, 0, 70, 79
2, 65564, Note_on_c, 0, 46, 0
2, 65569, Note_on_c, 0, 46, 93
2, 65579, Note_on_c, 0, 70, 0
2, 65590, Note_on_c, 0, 70, 97
2, 65687, Note_on_c, 0, 46, 0
2, 65697, Note_on_c, 0, 46, 85
2, 65809, Note_on_c, 0, 46, 0
2, 65819, Note_on_c, 0, 46, 87
2, 65940, Note_on_c, 0, 58, 0
2, 65940, Note_on_c, 0, 62, 0
2, 65945, Note_on_c, 0, 62, 98
2, 65946, Note_on_c, 0, 58, 90
2, 66032, Note_on_c, 0, 34, 0
2, 66032, Note_on_c, 0, 46, 0
2, 66041, Note_on_c, 0, 34, 72
2, 66042, Note_on_c, 0, 46, 91
2, 66063, Note_on_c, 0, 70, 0
2, 66068, Note_on_c, 0, 70, 106
2, 66073, Note_on_c, 0, 82, 106
2, 66091, Note_on_c, 0, 79, 62
2, 66159, Note_on_c, 0, 72, 0
2, 66159, Note_on_c, 0, 62, 0
2, 66159, Note_on_c, 0, 79, 0
2, 66159, Note_on_c, 0, 58, 0
2, 66159, Note_on_c, 0, 70, 0
2, 66160, Note_on_c, 0, 82, 0
2, 66161, Control_c, 0, 64, 0
2, 66170, Note_on_c, 0, 34, 0
2, 66178, Note_on_c, 0, 46, 0
2, 66191, Note_on_c, 0, 72, 111
2, 66191, Note_on_c, 0, 84, 111
2, 66195, Note_on_c, 0, 75, 104
2, 66204, Note_on_c, 0, 27, 79
2, 66209, Note_on_c, 0, 27, 0
2, 66220, Note_on_c, 0, 34, 66
2, 66232, Control_c, 0, 64, 127
2, 66291, Note_on_c, 0, 39, 85
2, 66314, Note_on_c, 0, 82, 103
2, 66322, Note_on_c, 0, 70, 99
2, 66421, Note_on_c, 0, 55, 99
2, 66432, Note_on_c, 0, 72, 0
2, 66432, Note_on_c, 0, 84, 0
2, 66436, Note_on_c, 0, 84, 105
2, 66438, Note_on_c, 0, 72, 106
2, 66439, Note_on_c, 0, 75, 0
2, 66444, Note_on_c, 0, 75, 90
2, 66547, Note_on_c, 0, 82, 0
2, 66554, Note_on_c, 0, 39, 0
2, 66554, Note_on_c, 0, 70, 0
2, 66558, Note_on_c, 0, 82, 100
2, 66559, Note_on_c, 0, 39, 92
2, 66562, Note_on_c, 0, 70, 97
2, 66662, Note_on_c, 0, 39, 0
2, 66670, Note_on_c, 0, 84, 0
2, 66673, Note_on_c, 0, 39, 80
2, 66674, Note_on_c, 0, 84, 103
2, 66677, Note_on_c, 0, 75, 0
2, 66689, Note_on_c, 0, 75, 87
2, 66792, Note_on_c, 0, 39, 0
2, 66792, Note_on_c, 0, 82, 0
2, 66798, Note_on_c, 0, 39, 84
2, 66800, Note_on_c, 0, 70, 0
2, 66802, Note_on_c, 0, 82, 103
2, 66804, Note_on_c, 0, 70, 99
2, 66915, Note_on_c, 0, 55, 0
2, 66915, Note_on_c, 0, 72, 0
2, 66915, Note_on_c, 0, 84, 0
2, 66921, Note_on_c, 0, 84, 104
2, 66922, Note_on_c, 0, 72, 105
2, 66926, Note_on_c, 0, 51, 88
2, 66927, Note_on_c, 0, 55, 95
2, 66931, Note_on_c, 0, 75, 0
2, 66936, Note_on_c, 0, 75, 94
2, 67023, Note_on_c, 0, 39, 0
2, 67029, Note_on_c, 0, 39, 90
2, 67031, Note_on_c, 0, 82, 0
2, 67038, Note_on_c, 0, 70, 0
2, 67042, Note_on_c, 0, 82, 103
2, 67045, Note_on_c, 0, 70, 102
2, 67142, Note_on_c, 0, 75, 0
2, 67143, Note_on_c, 0, 55, 0
2, 67143, Note_on_c, 0, 70, 0
2, 67144, Control_c, 0, 64, 0
2, 67153, Note_on_c, 0, 34, 0
2, 67153, Note_on_c, 0, 39, 0
2, 67153, Note_on_c, 0, 51, 0
2, 67153, Note_on_c, 0, 84, 0
2, 67161, Note_on_c, 0, 72, 0
2, 67164, Note_on_c, 0, 39, 97
2, 67164, Note_on_c, 0, 29, 82
2, 67164, Note_on_c, 0, 41, 95
2, 67165, Note_on_c, 0, 84, 113
2, 67166, Note_on_c, 0, 77, 106
2, 67167, Note_on_c, 0, 72, 104
2, 67169, Note_on_c, 0, 82, 0
2, 67169, Note_on_c, 0, 36, 80
2, 67176, Note_on_c, 0, 36, 0
2, 67223, Note_on_c, 0, 29, 0
2, 67223, Control_c, 0, 64, 127
2, 67261, Note_on_c, 0, 41, 0
2, 67266, Note_on_c, 0, 41, 60
2, 67302, Note_on_c, 0, 82, 88
2, 67308, Note_on_c, 0, 70, 89
2, 67399, Note_on_c, 0, 39, 0
2, 67403, Note_on_c, 0, 53, 82
2, 67404, Note_on_c, 0, 57, 88
2, 67407, Note_on_c, 0, 41, 0
2, 67407, Note_on_c, 0, 72, 0
2, 67407, Note_on_c, 0, 77, 0
2, 67407, Note_on_c, 0, 84, 0
2, 67411, Note_on_c, 0, 84, 98
2, 67411, Note_on_c, 0, 41, 82
2, 67416, Note_on_c, 0, 77, 91
2, 67416, Note_on_c, 0, 72, 94
2, 67530, Note_on_c, 0, 70, 0
2, 67530, Note_on_c, 0, 82, 0
2, 67537, Note_on_c, 0, 41, 0
2, 67537, Note_on_c, 0, 77, 0
2, 67541, Note_on_c, 0, 82, 95
2, 67541, Note_on_c, 0, 70, 103
2, 67542, Note_on_c, 0, 41, 79
2, 67548, Note_on_c, 0, 77, 87
2, 67645, Note_on_c, 0, 84, 0
2, 67653, Note_on_c, 0, 72, 0
2, 67653, Note_on_c, 0, 77, 0
2, 67655, Note_on_c, 0, 84, 105
2, 67658, Note_on_c, 0, 72, 99
2, 67662, Note_on_c, 0, 77, 97
2, 67664, Note_on_c, 0, 40, 82
2, 67676, Note_on_c, 0, 41, 0
2, 67687, Note_on_c, 0, 41, 66
2, 67776, Note_on_c, 0, 82, 0
2, 67777, Note_on_c, 0, 86, 104
2, 67783, Note_on_c, 0, 70, 0
2, 67787, Note_on_c, 0, 82, 78
2, 67788, Note_on_c, 0, 70, 80
2, 67791, Note_on_c, 0, 41, 0
2, 67794, Note_on_c, 0, 74, 78
2, 67802, Note_on_c, 0, 41, 63
2, 67891, Note_on_c, 0, 72, 0
2, 67891, Note_on_c, 0, 84, 0
2, 67898, Note_on_c, 0, 84, 90
2, 67898, Note_on_c, 0, 53, 0
2, 67898, Note_on_c, 0, 77, 0
2, 67902, Note_on_c, 0, 72, 104
2, 67904, Note_on_c, 0, 77, 94
2, 67904, Note_on_c, 0, 53, 85
2, 67906, Note_on_c, 0, 57, 0
2, 67912, Note_on_c, 0, 57, 88
2, 68006, Note_on_c, 0, 82, 0
2, 68014, Note_on_c, 0, 41, 0
2, 68014, Note_on_c, 0, 70, 0
2, 68017, Note_on_c, 0, 82, 99
2, 68018, Note_on_c, 0, 41, 79
2, 68024, Note_on_c, 0, 70, 94
2, 68127, Note_on_c, 0, 40, 0
2, 68129, Note_on_c, 0, 41, 0
2, 68131, Note_on_c, 0, 82, 0
2, 68132, Control_c, 0, 64, 0
2, 68132, Note_on_c, 0, 72, 0
2, 68132, Note_on_c, 0, 86, 0
2, 68132, Note_on_c, 0, 57, 0
2, 68132, Note_on_c, 0, 84, 0
2, 68136, Note_on_c, 0, 77, 0
2, 68144, Note_on_c, 0, 53, 0
2, 68144, Note_on_c, 0, 70, 0
2, 68148, Note_on_c, 0, 77, 112
2, 68149, Note_on_c, 0, 70, 103
2, 68150, Note_on_c, 0, 65, 100
2, 68152, Note_on_c, 0, 74, 0
2, 68155, Note_on_c, 0, 34, 101
2, 68161, Note_on_c, 0, 74, 83
2, 68193, Note_on_c, 0, 65, 0
2, 68229, Control_c, 0, 64, 127
2, 68270, Note_on_c, 0, 46, 76
2, 68401, Note_on_c, 0, 62, 83
2, 68403, Note_on_c, 0, 58, 75
2, 68513, Note_on_c, 0, 46, 0
2, 68520, Note_on_c, 0, 70, 0
2, 68522, Note_on_c, 0, 46, 81
2, 68525, Note_on_c, 0, 82, 107
2, 68529, Note_on_c, 0, 70, 96
2, 68636, Note_on_c, 0, 46, 0
2, 68643, Note_on_c, 0, 34, 0
2, 68643, Note_on_c, 0, 70, 0
2, 68643, Note_on_c, 0, 74, 0
2, 68643, Note_on_c, 0, 77, 0
2, 68643, Note_on_c, 0, 82, 0
2, 68644, Note_on_c, 0, 46, 78
2, 68650, Note_on_c, 0, 34, 67
2, 68650, Note_on_c, 0, 82, 103
2, 68653, Note_on_c, 0, 70, 94
2, 68654, Note_on_c, 0, 74, 97
2, 68654, Note_on_c, 0, 77, 85
2, 68759, Note_on_c, 0, 46, 0
2, 68769, Note_on_c, 0, 46, 81
2, 68889, Note_on_c, 0, 58, 0
2, 68889, Note_on_c, 0, 62, 0
2, 68896, Note_on_c, 0, 62, 98
2, 68897, Note_on_c, 0, 58, 92
2, 68997, Note_on_c, 0, 46, 0
2, 69004, Note_on_c, 0, 77, 0
2, 69008, Note_on_c, 0, 46, 98
2, 69011, Note_on_c, 0, 84, 107
2, 69014, Note_on_c, 0, 72, 104
2, 69015, Note_on_c, 0, 77, 83
2, 69100, Note_on_c, 0, 34, 0
2, 69101, Note_on_c, 0, 74, 0
2, 69102, Note_on_c, 0, 62, 0
2, 69102, Note_on_c, 0, 84, 0
2, 69102, Note_on_c, 0, 77, 0
2, 69103, Note_on_c, 0, 58, 0
2, 69103, Note_on_c, 0, 72, 0
2, 69103, Note_on_c, 0, 70, 0
2, 69104, Control_c, 0, 64, 0
2, 69120, Note_on_c, 0, 46, 0
2, 69142, Note_on_c, 0, 34, 103
2, 69143, Note_on_c, 0, 82, 0
2, 69146, Note_on_c, 0, 87, 107
2, 69146, Note_on_c, 0, 82, 101
2, 69149, Note_on_c, 0, 75, 100
2, 69204, Control_c, 0, 64, 127
2, 69247, Note_on_c, 0, 46, 65
2, 69376, Note_on_c, 0, 62, 96
2, 69383, Note_on_c, 0, 58, 79
2, 69390, Note_on_c, 0, 54, 60
2, 69391, Note_on_c, 0, 53, 64
2, 69396, Note_on_c, 0, 54, 0
2, 69488, Note_on_c, 0, 46, 0
2, 69491, Note_on_c, 0, 86, 99
2, 69497, Note_on_c, 0, 74, 99
2, 69498, Note_on_c, 0, 46, 86
2, 69626, Note_on_c, 0, 46, 0
2, 69626, Note_on_c, 0, 82, 0
2, 69634, Note_on_c, 0, 74, 0
2, 69635, Note_on_c, 0, 46, 84
2, 69637, Note_on_c, 0, 82, 107
2, 69640, Note_on_c, 0, 70, 98
2, 69645, Note_on_c, 0, 74, 84
2, 69734, Note_on_c, 0, 46, 0
2, 69745, Note_on_c, 0, 46, 93
2, 69864, Note_on_c, 0, 62, 0
2, 69872, Note_on_c, 0, 58, 0
2, 69875, Note_on_c, 0, 62, 98
2, 69882, Note_on_c, 0, 58, 82
2, 70010, Note_on_c, 0, 46, 0
2, 70018, Note_on_c, 0, 70, 0
2, 70018, Note_on_c, 0, 77, 102
2, 70020, Note_on_c, 0, 43, 65
2, 70022, Note_on_c, 0, 46, 74
2, 70026, Note_on_c, 0, 43, 0
2, 70029, Note_on_c, 0, 70, 68
2, 70073, Note_on_c, 0, 86, 0
2, 70073, Note_on_c, 0, 87, 0
2, 70074, Note_on_c, 0, 46, 0
2, 70075, Control_c, 0, 64, 0
2, 70075, Note_on_c, 0, 77, 0
2, 70075, Note_on_c, 0, 82, 0
2, 70075, Note_on_c, 0, 62, 0
2, 70075, Note_on_c, 0, 58, 0
2, 70076, Note_on_c, 0, 75, 0
2, 70076, Note_on_c, 0, 70, 0
2, 70080, Note_on_c, 0, 34, 0
2, 70080, Note_on_c, 0, 53, 0
2, 70095, Note_on_c, 0, 74, 0
2, 70121, Note_on_c, 0, 64, 95
2, 70122, Note_on_c, 0, 76, 110
2, 70122, Note_on_c, 0, 40, 96
2, 70123, Note_on_c, 0, 72, 101
2, 70124, Note_on_c, 0, 67, 102
2, 70126, Note_on_c, 0, 64, 0
2, 70187, Control_c, 0, 64, 127
2, 70231, Note_on_c, 0, 52, 97
2, 70356, Note_on_c, 0, 52, 0
2, 70362, Note_on_c, 0, 60, 93
2, 70364, Note_on_c, 0, 40, 0
2, 70364, Note_on_c, 0, 52, 87
2, 70371, Note_on_c, 0, 40, 87
2, 70379, Note_on_c, 0, 84, 99
2, 70453, Note_on_c, 0, 40, 0
2, 70453, Note_on_c, 0, 67, 0
2, 70454, Note_on_c, 0, 52, 0
2, 70454, Note_on_c, 0, 72, 0
2, 70454, Note_on_c, 0, 84, 0
2, 70455, Note_on_c, 0, 76, 0
2, 70455, Control_c, 0, 64, 0
2, 70455, Note_on_c, 0, 60, 0
2, 70506, Note_on_c, 0, 40, 91
2, 70506, Note_on_c, 0, 84, 105
2, 70510, Note_on_c, 0, 79, 99
2, 70514, Note_on_c, 0, 76, 93
2, 70579, Control_c, 0, 64, 127
2, 70740, Note_on_c, 0, 40, 0
2, 70744, Note_on_c, 0, 40, 83
2, 70750, Note_on_c, 0, 28, 83
2, 70754, Note_on_c, 0, 82, 96
2, 70755, Note_on_c, 0, 28, 0
2, 70871, Note_on_c, 0, 40, 0
2, 70871, Note_on_c, 0, 82, 0
2, 70872, Note_on_c, 0, 60, 93
2, 70879, Note_on_c, 0, 40, 87
2, 70882, Note_on_c, 0, 52, 86
2, 70882, Note_on_c, 0, 82, 102
2, 70886, Note_on_c, 0, 55, 83
2, 70993, Note_on_c, 0, 84, 0
2, 71000, Note_on_c, 0, 84, 108
2, 71061, Control_c, 0, 64, 0
2, 71061, Note_on_c, 0, 60, 0
2, 71062, Note_on_c, 0, 40, 0
2, 71063, Note_on_c, 0, 82, 0
2, 71063, Note_on_c, 0, 76, 0
2, 71064, Note_on_c, 0, 79, 0
2, 71064, Note_on_c, 0, 55, 0
2, 71065, Note_on_c, 0, 84, 0
2, 71078, Note_on_c, 0, 52, 0
2, 71117, Note_on_c, 0, 86, 111
2, 71121, Note_on_c, 0, 79, 107
2, 71123, Note_on_c, 0, 74, 110
2, 71123, Note_on_c, 0, 82, 106
2, 71129, Note_on_c, 0, 39, 96
2, 71162, Control_c, 0, 64, 127
2, 71245, Note_on_c, 0, 51, 95
2, 71342, Control_c, 0, 64, 0
2, 71342, Note_on_c, 0, 39, 0
2, 71362, Note_on_c, 0, 51, 0
2, 71372, Note_on_c, 0, 51, 91
2, 71373, Note_on_c, 0, 60, 70
2, 71375, Note_on_c, 0, 59, 75
2, 71377, Note_on_c, 0, 60, 0
2, 71398, Note_on_c, 0, 51, 0
2, 71403, Note_on_c, 0, 59, 0
2, 71454, Control_c, 0, 64, 127
2, 71490, Note_on_c, 0, 39, 87
2, 71516, Note_on_c, 0, 86, 0
2, 71620, Note_on_c, 0, 84, 104
2, 71626, Note_on_c, 0, 72, 100
2, 71715, Note_on_c, 0, 39, 0
2, 71720, Note_on_c, 0, 39, 85
2, 71720, Note_on_c, 0, 27, 80
2, 71731, Note_on_c, 0, 27, 0
2, 71861, Note_on_c, 0, 82, 0
2, 71864, Note_on_c, 0, 60, 90
2, 71866, Note_on_c, 0, 51, 99
2, 71866, Note_on_c, 0, 48, 80
2, 71868, Note_on_c, 0, 82, 99
2, 71873, Note_on_c, 0, 70, 98
2, 71889, Note_on_c, 0, 75, 57
2, 71900, Note_on_c, 0, 75, 0
2, 72092, Note_on_c, 0, 51, 0
2, 72093, Note_on_c, 0, 74, 0
2, 72093, Note_on_c, 0, 84, 0
2, 72093, Control_c, 0, 64, 0
2, 72094, Note_on_c, 0, 72, 0
2, 72094, Note_on_c, 0, 60, 0
2, 72099, Note_on_c, 0, 79, 0
2, 72107, Note_on_c, 0, 39, 0
2, 72107, Note_on_c, 0, 48, 0
2, 72107, Note_on_c, 0, 82, 0
2, 72115, Note_on_c, 0, 70, 0
2, 72117, Note_on_c, 0, 38, 97
2, 72117, Note_on_c, 0, 82, 112
2, 72118, Note_on_c, 0, 46, 97
2, 72119, Note_on_c, 0, 70, 110
2, 72120, Note_on_c, 0, 74, 105
2, 72121, Note_on_c, 0, 77, 99
2, 72122, Note_on_c, 0, 50, 92
2, 72122, Note_on_c, 0, 46, 0
2, 72161, Control_c, 0, 64, 127
2, 72222, Note_on_c, 0, 50, 0
2, 72231, Note_on_c, 0, 50, 81
2, 72361, Note_on_c, 0, 62, 97
2, 72365, Note_on_c, 0, 84, 102
2, 72368, Note_on_c, 0, 58, 89
2, 72370, Note_on_c, 0, 53, 86
2, 72374, Note_on_c, 0, 72, 100
2, 72376, Note_on_c, 0, 77, 0
2, 72381, Note_on_c, 0, 77, 68
2, 72403, Note_on_c, 0, 70, 0
2, 72403, Note_on_c, 0, 50, 0
2, 72406, Control_c, 0, 64, 0
2, 72409, Note_on_c, 0, 82, 0
2, 72409, Note_on_c, 0, 74, 0
2, 72410, Note_on_c, 0, 62, 0
2, 72414, Note_on_c, 0, 58, 0
2, 72414, Note_on_c, 0, 38, 0
2, 72414, Note_on_c, 0, 53, 0
2, 72415, Note_on_c, 0, 72, 0
2, 72418, Note_on_c, 0, 84, 0
2, 72430, Note_on_c, 0, 77, 0
2, 72494, Note_on_c, 0, 86, 108
2, 72496, Note_on_c, 0, 74, 108
2, 72498, Note_on_c, 0, 38, 98
2, 72499, Note_on_c, 0, 50, 102
2, 72500, Note_on_c, 0, 77, 105
2, 72504, Note_on_c, 0, 82, 85
2, 72533, Note_on_c, 0, 74, 0
2, 72533, Note_on_c, 0, 77, 0
2, 72534, Note_on_c, 0, 86, 0
2, 72535, Note_on_c, 0, 38, 0
2, 72537, Note_on_c, 0, 50, 0
2, 72538, Note_on_c, 0, 82, 0
2, 72747, Note_on_c, 0, 74, 95
2, 72747, Note_on_c, 0, 82, 108
2, 72748, Note_on_c, 0, 78, 83
2, 72749, Note_on_c, 0, 70, 102
2, 72751, Note_on_c, 0, 50, 94
2, 72752, Note_on_c, 0, 78, 0
2, 72753, Note_on_c, 0, 38, 93
2, 72787, Note_on_c, 0, 74, 0
2, 72788, Note_on_c, 0, 38, 0
2, 72788, Note_on_c, 0, 50, 0
2, 72794, Note_on_c, 0, 82, 0
2, 72794, Note_on_c, 0, 70, 0
2, 73007, Note_on_c, 0, 84, 109
2, 73008, Note_on_c, 0, 72, 107
2, 73009, Note_on_c, 0, 76, 108
2, 73009, Note_on_c, 0, 79, 100
2, 73017, Note_on_c, 0, 40, 96
2, 73022, Note_on_c, 0, 52, 94
2, 73044, Control_c, 0, 64, 127
2, 73251, Note_on_c, 0, 52, 0
2, 73262, Note_on_c, 0, 52, 86
2, 73274, Note_on_c, 0, 40, 0
2, 73281, Note_on_c, 0, 40, 62
2, 73374, Note_on_c, 0, 79, 0
2, 73375, Note_on_c, 0, 82, 107
2, 73379, Note_on_c, 0, 79, 77
2, 73381, Note_on_c, 0, 64, 104
2, 73383, Note_on_c, 0, 70, 102
2, 73387, Note_on_c, 0, 55, 97
2, 73390, Note_on_c, 0, 60, 90
2, 73617, Note_on_c, 0, 82, 0
2, 73617, Note_on_c, 0, 64, 0
2, 73618, Control_c, 0, 64, 0
2, 73618, Note_on_c, 0, 55, 0
2, 73618, Note_on_c, 0, 60, 0
2, 73619, Note_on_c, 0, 70, 0
2, 73619, Note_on_c, 0, 52, 0
2, 73620, Note_on_c, 0, 84, 0
2, 73620, Note_on_c, 0, 72, 0
2, 73628, Note_on_c, 0, 76, 0
2, 73628, Note_on_c, 0, 79, 0
2, 73633, Note_on_c, 0, 79, 112
2, 73638, Note_on_c, 0, 67, 109
2, 73638, Note_on_c, 0, 76, 101
2, 73639, Note_on_c, 0, 36, 100
2, 73658, Note_on_c, 0, 40, 0
2, 73675, Note_on_c, 0, 67, 0
2, 73680, Note_on_c, 0, 79, 0
2, 73681, Note_on_c, 0, 76, 0
2, 73682, Note_on_c, 0, 36, 0
2, 73720, Control_c, 0, 64, 127
2, 73765, Note_on_c, 0, 81, 112
2, 73769, Note_on_c, 0, 69, 105
2, 73770, Note_on_c, 0, 36, 95
2, 73775, Note_on_c, 0, 43, 72
2, 74027, Note_on_c, 0, 43, 0
2, 74031, Note_on_c, 0, 82, 114
2, 74034, Note_on_c, 0, 79, 107
2, 74037, Note_on_c, 0, 43, 74
2, 74037, Note_on_c, 0, 75, 106
2, 74037, Note_on_c, 0, 70, 112
2, 74039, Note_on_c, 0, 39, 87
2, 74070, Note_on_c, 0, 69, 0
2, 74071, Note_on_c, 0, 36, 0
2, 74073, Note_on_c, 0, 39, 0
2, 74074, Control_c, 0, 64, 0
2, 74075, Note_on_c, 0, 81, 0
2, 74127, Note_on_c, 0, 43, 0
2, 74148, Note_on_c, 0, 39, 83
2, 74196, Control_c, 0, 64, 127
2, 74242, Note_on_c, 0, 39, 0
2, 74254, Note_on_c, 0, 39, 85
2, 74401, Note_on_c, 0, 55, 77
2, 74407, Note_on_c, 0, 46, 74
2, 74410, Note_on_c, 0, 51, 78
2, 74519, Note_on_c, 0, 39, 0
2, 74529, Note_on_c, 0, 27, 82
2, 74529, Note_on_c, 0, 39, 80
2, 74534, Note_on_c, 0, 27, 0
2, 74787, Note_on_c, 0, 39, 0
2, 74797, Note_on_c, 0, 39, 67
2, 74800, Note_on_c, 0, 61, 86
2, 74910, Note_on_c, 0, 39, 0
2, 74910, Note_on_c, 0, 46, 0
2, 74910, Note_on_c, 0, 55, 0
2, 74914, Note_on_c, 0, 55, 80
2, 74915, Note_on_c, 0, 46, 64
2, 74916, Note_on_c, 0, 60, 96
2, 74919, Note_on_c, 0, 39, 67
2, 74922, Note_on_c, 0, 48, 69
2, 74926, Note_on_c, 0, 48, 0
2, 75043, Note_on_c, 0, 58, 96
2, 75056, Note_on_c, 0, 39, 0
2, 75056, Note_on_c, 0, 55, 0
2, 75060, Note_on_c, 0, 55, 55
2, 75064, Note_on_c, 0, 46, 0
2, 75068, Note_on_c, 0, 39, 59
2, 75071, Note_on_c, 0, 46, 55
2, 75118, Note_on_c, 0, 82, 0
2, 75126, Note_on_c, 0, 46, 0
2, 75126, Control_c, 0, 64, 0
2, 75127, Note_on_c, 0, 60, 0
2, 75127, Note_on_c, 0, 61, 0
2, 75127, Note_on_c, 0, 70, 0
2, 75127, Note_on_c, 0, 51, 0
2, 75127, Note_on_c, 0, 55, 0
2, 75128, Note_on_c, 0, 75, 0
2, 75141, Note_on_c, 0, 79, 0
2, 75164, Note_on_c, 0, 39, 0
2, 75172, Note_on_c, 0, 39, 77
2, 75225, Control_c, 0, 64, 127
2, 75294, Note_on_c, 0, 39, 0
2, 75298, Note_on_c, 0, 39, 70
2, 75298, Note_on_c, 0, 27, 73
2, 75310, Note_on_c, 0, 27, 0
2, 75423, Note_on_c, 0, 55, 73
2, 75437, Note_on_c, 0, 51, 59
2, 75439, Note_on_c, 0, 46, 70
2, 75532, Note_on_c, 0, 39, 0
2, 75543, Note_on_c, 0, 39, 76
2, 75686, Note_on_c, 0, 55, 0
2, 75690, Note_on_c, 0, 55, 76
2, 75690, Note_on_c, 0, 79, 107
2, 75696, Note_on_c, 0, 67, 103
2, 75717, Note_on_c, 0, 46, 0
2, 75726, Note_on_c, 0, 46, 39
2, 75816, Note_on_c, 0, 81, 108
2, 75816, Note_on_c, 0, 46, 0
2, 75820, Note_on_c, 0, 69, 101
2, 75823, Note_on_c, 0, 46, 63
2, 75824, Note_on_c, 0, 58, 0
2, 75932, Note_on_c, 0, 55, 0
2, 75939, Note_on_c, 0, 51, 0
2, 75941, Note_on_c, 0, 55, 96
2, 75947, Note_on_c, 0, 46, 0
2, 75950, Note_on_c, 0, 51, 74
2, 75951, Note_on_c, 0, 46, 81
2, 76067, Note_on_c, 0, 82, 113
2, 76070, Note_on_c, 0, 75, 89
2, 76075, Note_on_c, 0, 70, 107
2, 76076, Note_on_c, 0, 78, 104
2, 76130, Note_on_c, 0, 46, 0
2, 76131, Note_on_c, 0, 79, 0
2, 76131, Note_on_c, 0, 81, 0
2, 76132, Note_on_c, 0, 69, 0
2, 76132, Note_on_c, 0, 67, 0
2, 76134, Control_c, 0, 64, 0
2, 76147, Note_on_c, 0, 51, 0
2, 76147, Note_on_c, 0, 55, 0
2, 76154, Note_on_c, 0, 39, 0
2, 76191, Note_on_c, 0, 51, 95
2, 76193, Note_on_c, 0, 39, 83
2, 76231, Control_c, 0, 64, 127
2, 76308, Note_on_c, 0, 39, 0
2, 76319, Note_on_c, 0, 39, 81
2, 76319, Note_on_c, 0, 27, 80
2, 76323, Note_on_c, 0, 27, 0
2, 76439, Note_on_c, 0, 54, 80
2, 76454, Note_on_c, 0, 51, 0
2, 76465, Note_on_c, 0, 51, 64
2, 76468, Note_on_c, 0, 46, 70
2, 76569, Note_on_c, 0, 39, 0
2, 76569, Note_on_c, 0, 46, 0
2, 76579, Note_on_c, 0, 27, 80
2, 76580, Note_on_c, 0, 46, 71
2, 76581, Note_on_c, 0, 39, 87
2, 76584, Note_on_c, 0, 27, 0
2, 76807, Note_on_c, 0, 39, 0
2, 76807, Note_on_c, 0, 46, 0
2, 76807, Note_on_c, 0, 51, 0
2, 76809, Note_on_c, 0, 67, 76
2, 76815, Note_on_c, 0, 67, 0
2, 76815, Note_on_c, 0, 51, 69
2, 76818, Note_on_c, 0, 39, 73
2, 76818, Note_on_c, 0, 46, 72
2, 76820, Note_on_c, 0, 61, 84
2, 76945, Note_on_c, 0, 54, 0
2, 76949, Note_on_c, 0, 60, 96
2, 76953, Note_on_c, 0, 51, 0
2, 76955, Note_on_c, 0, 54, 76
2, 76957, Note_on_c, 0, 42, 75
2, 76957, Note_on_c, 0, 51, 78
2, 76961, Note_on_c, 0, 46, 0
2, 76963, Note_on_c, 0, 48, 73
2, 76968, Note_on_c, 0, 48, 0
2, 76970, Note_on_c, 0, 46, 66
2, 77072, Note_on_c, 0, 58, 97
2, 77147, Note_on_c, 0, 46, 0
2, 77147, Note_on_c, 0, 78, 0
2, 77148, Note_on_c, 0, 60, 0
2, 77148, Note_on_c, 0, 51, 0
2, 77148, Control_c, 0, 64, 0
2, 77148, Note_on_c, 0, 61, 0
2, 77153, Note_on_c, 0, 42, 0
2, 77153, Note_on_c, 0, 75, 0
2, 77160, Note_on_c, 0, 54, 0
2, 77160, Note_on_c, 0, 82, 0
2, 77191, Note_on_c, 0, 39, 0
2, 77191, Note_on_c, 0, 70, 0
2, 77201, Note_on_c, 0, 39, 94
2, 77245, Control_c, 0, 64, 127
2, 77432, Note_on_c, 0, 46, 68
2, 77456, Note_on_c, 0, 51, 77
2, 77481, Note_on_c, 0, 54, 84
2, 77585, Note_on_c, 0, 72, 103
2, 77587, Note_on_c, 0, 60, 97
2, 77699, Note_on_c, 0, 75, 109
2, 77700, Note_on_c, 0, 63, 107
2, 77701, Note_on_c, 0, 53, 92
2, 77704, Note_on_c, 0, 69, 80
2, 77707, Note_on_c, 0, 48, 86
2, 77707, Note_on_c, 0, 41, 92
2, 77783, Note_on_c, 0, 58, 0
2, 77786, Control_c, 0, 64, 0
2, 77786, Note_on_c, 0, 51, 0
2, 77786, Note_on_c, 0, 54, 0
2, 77786, Note_on_c, 0, 46, 0
2, 77786, Note_on_c, 0, 39, 0
2, 77786, Note_on_c, 0, 60, 0
2, 77786, Note_on_c, 0, 63, 0
2, 77786, Note_on_c, 0, 72, 0
2, 77787, Note_on_c, 0, 48, 0
2, 77788, Note_on_c, 0, 75, 0
2, 77798, Note_on_c, 0, 53, 0
2, 77813, Note_on_c, 0, 69, 0
2, 77821, Note_on_c, 0, 41, 0
2, 77826, Note_on_c, 0, 74, 113
2, 77828, Note_on_c, 0, 62, 107
2, 77831, Note_on_c, 0, 41, 94
2, 77832, Note_on_c, 0, 50, 91
2, 77833, Note_on_c, 0, 53, 90
2, 77833, Note_on_c, 0, 48, 82
2, 77903, Note_on_c, 0, 62, 0
2, 77910, Note_on_c, 0, 48, 0
2, 77913, Note_on_c, 0, 41, 0
2, 77914, Note_on_c, 0, 74, 0
2, 77928, Note_on_c, 0, 53, 0
2, 77936, Note_on_c, 0, 50, 0
2, 78214, Note_on_c, 0, 62, 106
2, 78219, Note_on_c, 0, 55, 90
2, 78223, Note_on_c, 0, 57, 95
2, 78223, Note_on_c, 0, 58, 96
2, 78223, Note_on_c, 0, 31, 92
2, 78224, Note_on_c, 0, 43, 90
2, 78229, Note_on_c, 0, 53, 87
2, 78263, Note_on_c, 0, 31, 0
2, 78264, Note_on_c, 0, 43, 0
2, 78275, Note_on_c, 0, 53, 0
2, 78478, Note_on_c, 0, 60, 99
2, 78478, Note_on_c, 0, 52, 89
2, 78481, Note_on_c, 0, 33, 81
2, 78481, Note_on_c, 0, 31, 88
2, 78481, Note_on_c, 0, 43, 90
2, 78489, Note_on_c, 0, 33, 0
2, 78516, Note_on_c, 0, 52, 0
2, 78517, Note_on_c, 0, 43, 0
2, 78520, Note_on_c, 0, 31, 0
2, 78528, Note_on_c, 0, 57, 0
2, 78543, Note_on_c, 0, 58, 0
2, 78551, Note_on_c, 0, 55, 0
2, 78606, Note_on_c, 0, 31, 86
2, 78608, Note_on_c, 0, 43, 75
2, 78650, Control_c, 0, 64, 127
2, 78712, Note_on_c, 0, 62, 0
2, 78722, Note_on_c, 0, 62, 106
2, 78723, Note_on_c, 0, 41, 77
2, 78727, Note_on_c, 0, 53, 86
2, 78727, Note_on_c, 0, 41, 0
2, 78730, Note_on_c, 0, 58, 91
2, 78735, Note_on_c, 0, 31, 0
2, 78740, Note_on_c, 0, 57, 80
2, 78741, Note_on_c, 0, 31, 75
2, 78850, Note_on_c, 0, 31, 0
2, 78850, Note_on_c, 0, 43, 0
2, 78858, Note_on_c, 0, 43, 81
2, 78859, Note_on_c, 0, 31, 78
2, 78860, Note_on_c, 0, 64, 100
2, 78965, Note_on_c, 0, 31, 0
2, 78965, Note_on_c, 0, 43, 0
2, 78970, Note_on_c, 0, 65, 103
2, 78975, Note_on_c, 0, 43, 76
2, 78975, Note_on_c, 0, 31, 80
2, 78976, Note_on_c, 0, 55, 85
2, 79023, Note_on_c, 0, 62, 0
2, 79023, Note_on_c, 0, 64, 0
2, 79024, Note_on_c, 0, 58, 0
2, 79024, Note_on_c, 0, 43, 0
2, 79024, Note_on_c, 0, 60, 0
2, 79024, Note_on_c, 0, 57, 0
2, 79025, Note_on_c, 0, 53, 0
2, 79025, Note_on_c, 0, 31, 0
2, 79025, Control_c, 0, 64, 0
2, 79029, Note_on_c, 0, 65, 0
2, 79042, Note_on_c, 0, 55, 0
2, 79107, Note_on_c, 0, 64, 107
2, 79110, Note_on_c, 0, 33, 92
2, 79110, Note_on_c, 0, 45, 95
2, 79113, Note_on_c, 0, 55, 91
2, 79114, Note_on_c, 0, 60, 93
2, 79150, Control_c, 0, 64, 127
2, 79357, Note_on_c, 0, 33, 0
2, 79357, Note_on_c, 0, 55, 0
2, 79363, Note_on_c, 0, 55, 66
2, 79364, Note_on_c, 0, 33, 81
2, 79488, Note_on_c, 0, 45, 0
2, 79488, Note_on_c, 0, 55, 0
2, 79492, Note_on_c, 0, 55, 78
2, 79497, Note_on_c, 0, 45, 92
2, 79498, Note_on_c, 0, 40, 67
2, 79498, Note_on_c, 0, 57, 82
2, 79564, Note_on_c, 0, 40, 0
2, 79571, Note_on_c, 0, 45, 0
2, 79572, Note_on_c, 0, 55, 0
2, 79572, Note_on_c, 0, 60, 0
2, 79574, Note_on_c, 0, 64, 0
2, 79575, Control_c, 0, 64, 0
2, 79580, Note_on_c, 0, 57, 0
2, 79610, Note_on_c, 0, 33, 0
2, 79615, Note_on_c, 0, 52, 94
2, 79616, Note_on_c, 0, 33, 92
2, 79617, Note_on_c, 0, 57, 96
2, 79620, Note_on_c, 0, 60, 103
2, 79623, Note_on_c, 0, 55, 94
2, 79656, Control_c, 0, 64, 127
2, 79864, Note_on_c, 0, 33, 0
2, 79872, Note_on_c, 0, 33, 89
2, 79973, Control_c, 0, 64, 0
2, 79978, Note_on_c, 0, 55, 0
2, 79979, Note_on_c, 0, 52, 0
2, 79994, Note_on_c, 0, 57, 0
2, 79994, Note_on_c, 0, 60, 0
2, 80003, Note_on_c, 0, 57, 88
2, 80003, Note_on_c, 0, 60, 100
2, 80010, Note_on_c, 0, 33, 0
2, 80013, Note_on_c, 0, 45, 84
2, 80016, Note_on_c, 0, 33, 77
2, 80025, Control_c, 0, 64, 127
2, 80081, Note_on_c, 0, 55, 90
2, 80140, Note_on_c, 0, 57, 0
2, 80140, Note_on_c, 0, 60, 0
2, 80145, Note_on_c, 0, 57, 86
2, 80150, Note_on_c, 0, 60, 88
2, 80170, Control_c, 0, 64, 0
2, 80184, Note_on_c, 0, 33, 0
2, 80185, Note_on_c, 0, 55, 0
2, 80185, Note_on_c, 0, 60, 0
2, 80185, Note_on_c, 0, 45, 0
2, 80188, Note_on_c, 0, 57, 0
2, 80257, Note_on_c, 0, 62, 110
2, 80265, Note_on_c, 0, 53, 93
2, 80266, Note_on_c, 0, 58, 92
2, 80267, Note_on_c, 0, 55, 91
2, 80267, Note_on_c, 0, 31, 93
2, 80268, Note_on_c, 0, 43, 94
2, 80299, Note_on_c, 0, 43, 0
2, 80304, Note_on_c, 0, 31, 0
2, 80307, Note_on_c, 0, 58, 0
2, 80313, Note_on_c, 0, 53, 0
2, 80348, Note_on_c, 0, 55, 0
2, 80529, Note_on_c, 0, 60, 96
2, 80530, Note_on_c, 0, 52, 88
2, 80534, Note_on_c, 0, 31, 90
2, 80535, Note_on_c, 0, 43, 92
2, 80536, Note_on_c, 0, 55, 88
2, 80565, Note_on_c, 0, 52, 0
2, 80567, Note_on_c, 0, 60, 0
2, 80567, Note_on_c, 0, 43, 0
2, 80573, Note_on_c, 0, 55, 0
2, 80578, Note_on_c, 0, 31, 0
2, 80624, Note_on_c, 0, 62, 0
2, 80649, Note_on_c, 0, 31, 92
2, 80670, Control_c, 0, 64, 127
2, 80777, Note_on_c, 0, 62, 105
2, 80778, Note_on_c, 0, 58, 98
2, 80778, Note_on_c, 0, 53, 90
2, 80781, Note_on_c, 0, 41, 75
2, 80785, Note_on_c, 0, 41, 0
2, 80908, Note_on_c, 0, 31, 0
2, 80913, Note_on_c, 0, 63, 96
2, 80918, Note_on_c, 0, 31, 76
2, 80918, Note_on_c, 0, 43, 79
2, 80995, Note_on_c, 0, 65, 89
2, 81031, Note_on_c, 0, 43, 0
2, 81034, Note_on_c, 0, 67, 93
2, 81041, Note_on_c, 0, 55, 86
2, 81042, Note_on_c, 0, 43, 70
2, 81047, Note_on_c, 0, 55, 0
2, 81086, Note_on_c, 0, 58, 0
2, 81087, Note_on_c, 0, 62, 0
2, 81087, Note_on_c, 0, 53, 0
2, 81087, Note_on_c, 0, 65, 0
2, 81087, Control_c, 0, 64, 0
2, 81088, Note_on_c, 0, 67, 0
2, 81088, Note_on_c, 0, 31, 0
2, 81088, Note_on_c, 0, 43, 0
2, 81088, Note_on_c, 0, 63, 0
2, 81148, Note_on_c, 0, 68, 112
2, 81159, Note_on_c, 0, 60, 91
2, 81160, Note_on_c, 0, 32, 84
2, 81161, Note_on_c, 0, 66, 89
2, 81162, Note_on_c, 0, 63, 91
2, 81192, Control_c, 0, 64, 127
2, 81415, Note_on_c, 0, 32, 0
2, 81419, Note_on_c, 0, 43, 70
2, 81421, Note_on_c, 0, 32, 60
2, 81423, Note_on_c, 0, 43, 0
2, 81424, Note_on_c, 0, 44, 71
2, 81533, Note_on_c, 0, 70, 109
2, 81538, Note_on_c, 0, 60, 0
2, 81538, Note_on_c, 0, 63, 0
2, 81542, Note_on_c, 0, 63, 97
2, 81542, Note_on_c, 0, 51, 90
2, 81546, Note_on_c, 0, 32, 0
2, 81546, Note_on_c, 0, 44, 0
2, 81549, Note_on_c, 0, 60, 86
2, 81550, Note_on_c, 0, 32, 82
2, 81553, Note_on_c, 0, 51, 0
2, 81557, Note_on_c, 0, 44, 89
2, 81792, Note_on_c, 0, 32, 0
2, 81792, Note_on_c, 0, 44, 0
2, 81801, Note_on_c, 0, 44, 78
2, 81801, Note_on_c, 0, 32, 69
2, 81806, Note_on_c, 0, 55, 72
2, 81815, Note_on_c, 0, 55, 0
2, 81914, Note_on_c, 0, 44, 0
2, 81914, Note_on_c, 0, 60, 0
2, 81914, Note_on_c, 0, 63, 0
2, 81919, Note_on_c, 0, 72, 104
2, 81920, Note_on_c, 0, 60, 95
2, 81924, Note_on_c, 0, 68, 0
2, 81924, Note_on_c, 0, 63, 95
2, 81925, Note_on_c, 0, 56, 90
2, 81925, Note_on_c, 0, 44, 87
2, 82044, Note_on_c, 0, 51, 84
2, 82122, Note_on_c, 0, 44, 0
2, 82127, Note_on_c, 0, 55, 77
2, 82127, Note_on_c, 0, 43, 81
2, 82130, Note_on_c, 0, 44, 89
2, 82137, Note_on_c, 0, 43, 0
2, 82145, Note_on_c, 0, 70, 0
2, 82154, Note_on_c, 0, 70, 89
2, 82191, Note_on_c, 0, 72, 0
2, 82195, Note_on_c, 0, 72, 80
2, 82214, Note_on_c, 0, 55, 0
2, 82226, Note_on_c, 0, 51, 0
2, 82226, Note_on_c, 0, 32, 0
2, 82226, Note_on_c, 0, 66, 0
2, 82227, Note_on_c, 0, 70, 0
2, 82227, Note_on_c, 0, 72, 0
2, 82227, Note_on_c, 0, 63, 0
2, 82227, Control_c, 0, 64, 0
2, 82228, Note_on_c, 0, 60, 0
2, 82245, Note_on_c, 0, 44, 0
2, 82245, Note_on_c, 0, 56, 0
2, 82278, Note_on_c, 0, 31, 98
2, 82279, Note_on_c, 0, 62, 107
2, 82279, Note_on_c, 0, 65, 103
2, 82279, Note_on_c, 0, 43, 98
2, 82279, Note_on_c, 0, 74, 111
2, 82285, Note_on_c, 0, 71, 90
2, 82316, Note_on_c, 0, 65, 0
2, 82316, Note_on_c, 0, 43, 0
2, 82317, Note_on_c, 0, 62, 0
2, 82317, Note_on_c, 0, 31, 0
2, 82536, Note_on_c, 0, 64, 105
2, 82536, Note_on_c, 0, 57, 98
2, 82539, Note_on_c, 0, 60, 97
2, 82543, Note_on_c, 0, 41, 77
2, 82545, Note_on_c, 0, 50, 88
2, 82546, Note_on_c, 0, 38, 82
2, 82552, Note_on_c, 0, 38, 0
2, 82552, Note_on_c, 0, 41, 0
2, 82571, Note_on_c, 0, 57, 0
2, 82574, Note_on_c, 0, 64, 0
2, 82575, Note_on_c, 0, 71, 0
2, 82575, Note_on_c, 0, 50, 0
2, 82606, Note_on_c, 0, 60, 0
2, 82663, Note_on_c, 0, 43, 88
2, 82682, Control_c, 0, 64, 127
2, 82784, Note_on_c, 0, 65, 103
2, 82786, Note_on_c, 0, 64, 82
2, 82789, Note_on_c, 0, 62, 94
2, 82789, Note_on_c, 0, 58, 97
2, 82905, Note_on_c, 0, 43, 0
2, 82914, Note_on_c, 0, 43, 78
2, 83032, Note_on_c, 0, 34, 71
2, 83034, Note_on_c, 0, 50, 83
2, 83038, Note_on_c, 0, 53, 77
2, 83038, Note_on_c, 0, 31, 76
2, 83043, Note_on_c, 0, 31, 0
2, 83043, Note_on_c, 0, 34, 0
2, 83043, Note_on_c, 0, 53, 0
2, 83122, Note_on_c, 0, 76, 93
2, 83217, Note_on_c, 0, 50, 0
2, 83217, Note_on_c, 0, 58, 0
2, 83217, Note_on_c, 0, 62, 0
2, 83217, Note_on_c, 0, 74, 0
2, 83218, Note_on_c, 0, 65, 0
2, 83218, Control_c, 0, 64, 0
2, 83220, Note_on_c, 0, 76, 0
2, 83228, Note_on_c, 0, 64, 0
2, 83235, Note_on_c, 0, 43, 0
2, 83269, Note_on_c, 0, 67, 94
2, 83273, Note_on_c, 0, 33, 100
2, 83320, Control_c, 0, 64, 127
2, 83400, Note_on_c, 0, 72, 98
2, 83527, Note_on_c, 0, 33, 0
2, 83533, Note_on_c, 0, 33, 70
2, 83536, Note_on_c, 0, 45, 80
2, 83658, Note_on_c, 0, 67, 0
2, 83663, Note_on_c, 0, 67, 102
2, 83665, Note_on_c, 0, 45, 0
2, 83666, Note_on_c, 0, 64, 99
2, 83668, Note_on_c, 0, 55, 95
2, 83670, Note_on_c, 0, 60, 97
2, 83670, Note_on_c, 0, 52, 89
2, 83677, Note_on_c, 0, 45, 85
2, 83904, Note_on_c, 0, 33, 0
2, 83904, Note_on_c, 0, 45, 0
2, 83904, Note_on_c, 0, 72, 0
2, 83908, Note_on_c, 0, 72, 105
2, 83910, Note_on_c, 0, 45, 93
2, 83913, Note_on_c, 0, 33, 85
2, 84019, Note_on_c, 0, 52, 0
2, 84019, Note_on_c, 0, 60, 0
2, 84026, Note_on_c, 0, 60, 87
2, 84028, Note_on_c, 0, 52, 84
2, 84035, Note_on_c, 0, 57, 70
2, 84126, Note_on_c, 0, 72, 0
2, 84136, Note_on_c, 0, 72, 87
2, 84179, Note_on_c, 0, 73, 92
2, 84219, Note_on_c, 0, 33, 0
2, 84219, Note_on_c, 0, 60, 0
2, 84219, Note_on_c, 0, 64, 0
2, 84219, Note_on_c, 0, 57, 0
2, 84220, Note_on_c, 0, 45, 0
2, 84222, Note_on_c, 0, 73, 0
2, 84222, Control_c, 0, 64, 0
2, 84234, Note_on_c, 0, 52, 0
2, 84234, Note_on_c, 0, 55, 0
2, 84234, Note_on_c, 0, 67, 0
2, 84234, Note_on_c, 0, 72, 0
2, 84262, Note_on_c, 0, 65, 96
2, 84263, Note_on_c, 0, 62, 101
2, 84264, Note_on_c, 0, 74, 108
2, 84269, Note_on_c, 0, 46, 100
2, 84270, Note_on_c, 0, 34, 97
2, 84302, Note_on_c, 0, 62, 0
2, 84306, Note_on_c, 0, 34, 0
2, 84306, Note_on_c, 0, 46, 0
2, 84515, Note_on_c, 0, 64, 99
2, 84519, Note_on_c, 0, 57, 95
2, 84519, Note_on_c, 0, 60, 91
2, 84521, Note_on_c, 0, 53, 87
2, 84558, Note_on_c, 0, 60, 0
2, 84560, Note_on_c, 0, 57, 0
2, 84561, Note_on_c, 0, 64, 0
2, 84564, Note_on_c, 0, 65, 0
2, 84595, Note_on_c, 0, 53, 0
2, 84645, Note_on_c, 0, 46, 89
2, 84718, Control_c, 0, 64, 127
2, 84761, Note_on_c, 0, 65, 89
2, 84766, Note_on_c, 0, 62, 83
2, 84775, Note_on_c, 0, 58, 97
2, 84782, Note_on_c, 0, 53, 84
2, 84887, Note_on_c, 0, 46, 0
2, 84898, Note_on_c, 0, 46, 89
2, 84898, Note_on_c, 0, 75, 100
2, 84986, Note_on_c, 0, 78, 61
2, 84986, Note_on_c, 0, 53, 0
2, 84992, Note_on_c, 0, 53, 91
2, 84994, Note_on_c, 0, 78, 0
2, 85012, Note_on_c, 0, 79, 106
2, 85066, Note_on_c, 0, 62, 0
2, 85066, Note_on_c, 0, 65, 0
2, 85067, Note_on_c, 0, 74, 0
2, 85067, Note_on_c, 0, 58, 0
2, 85067, Note_on_c, 0, 53, 0
2, 85067, Control_c, 0, 64, 0
2, 85068, Note_on_c, 0, 75, 0
2, 85068, Note_on_c, 0, 79, 0
2, 85086, Note_on_c, 0, 46, 0
2, 85144, Note_on_c, 0, 80, 115
2, 85146, Note_on_c, 0, 68, 111
2, 85150, Note_on_c, 0, 75, 100
2, 85150, Note_on_c, 0, 71, 86
2, 85154, Note_on_c, 0, 35, 94
2, 85163, Control_c, 0, 64, 127
2, 85413, Note_on_c, 0, 56, 65
2, 85524, Note_on_c, 0, 68, 0
2, 85535, Note_on_c, 0, 85, 111
2, 85535, Note_on_c, 0, 73, 101
2, 85535, Note_on_c, 0, 68, 105
2, 85536, Note_on_c, 0, 61, 96
2, 85537, Note_on_c, 0, 78, 98
2, 85545, Note_on_c, 0, 63, 82
2, 85900, Note_on_c, 0, 75, 0
2, 85900, Note_on_c, 0, 78, 0
2, 85908, Note_on_c, 0, 71, 0
2, 85912, Note_on_c, 0, 78, 105
2, 85912, Note_on_c, 0, 75, 96
2, 85912, Note_on_c, 0, 90, 107
2, 85913, Note_on_c, 0, 71, 90
2, 86152, Note_on_c, 0, 81, 84
2, 86177, Note_on_c, 0, 82, 76
2, 86231, Note_on_c, 0, 84, 71
2, 86254, Note_on_c, 0, 35, 0
2, 86256, Note_on_c, 0, 68, 0
2, 86256, Note_on_c, 0, 81, 0
2, 86256, Note_on_c, 0, 71, 0
2, 86257, Note_on_c, 0, 61, 0
2, 86257, Note_on_c, 0, 56, 0
2, 86257, Note_on_c, 0, 82, 0
2, 86257, Note_on_c, 0, 73, 0
2, 86257, Note_on_c, 0, 80, 0
2, 86257, Note_on_c, 0, 85, 0
2, 86258, Note_on_c, 0, 63, 0
2, 86258, Note_on_c, 0, 75, 0
2, 86258, Note_on_c, 0, 78, 0
2, 86258, Control_c, 0, 64, 0
2, 86277, Note_on_c, 0, 90, 0
2, 86287, Note_on_c, 0, 86, 97
2, 86289, Note_on_c, 0, 55, 83
2, 86384, Note_on_c, 0, 84, 0
2, 86407, Control_c, 0, 64, 127
2, 86414, Note_on_c, 0, 79, 75
2, 86419, Note_on_c, 0, 62, 72
2, 86540, Note_on_c, 0, 67, 75
2, 86540, Note_on_c, 0, 82, 77
2, 86653, Note_on_c, 0, 86, 0
2, 86663, Note_on_c, 0, 86, 72
2, 86666, Note_on_c, 0, 70, 57
2, 86768, Note_on_c, 0, 79, 0
2, 86778, Note_on_c, 0, 79, 75
2, 86891, Note_on_c, 0, 82, 0
2, 86899, Note_on_c, 0, 82, 77
2, 87002, Note_on_c, 0, 79, 0
2, 87002, Note_on_c, 0, 67, 0
2, 87002, Note_on_c, 0, 62, 0
2, 87003, Note_on_c, 0, 55, 0
2, 87003, Note_on_c, 0, 82, 0
2, 87003, Note_on_c, 0, 86, 0
2, 87003, Note_on_c, 0, 70, 0
2, 87007, Control_c, 0, 64, 0
2, 87012, Note_on_c, 0, 57, 87
2, 87012, Note_on_c, 0, 85, 102
2, 87091, Control_c, 0, 64, 127
2, 87145, Note_on_c, 0, 76, 78
2, 87158, Note_on_c, 0, 64, 73
2, 87265, Note_on_c, 0, 81, 82
2, 87270, Note_on_c, 0, 69, 75
2, 87390, Note_on_c, 0, 85, 0
2, 87396, Note_on_c, 0, 85, 80
2, 87399, Note_on_c, 0, 73, 69
2, 87513, Note_on_c, 0, 76, 0
2, 87523, Note_on_c, 0, 76, 52
2, 87636, Note_on_c, 0, 85, 0
2, 87641, Note_on_c, 0, 85, 64
2, 87744, Note_on_c, 0, 81, 0
2, 87748, Note_on_c, 0, 81, 89
2, 87759, Note_on_c, 0, 69, 0
2, 87765, Note_on_c, 0, 69, 76
2, 87882, Note_on_c, 0, 76, 0
2, 87888, Note_on_c, 0, 76, 70
2, 87997, Note_on_c, 0, 81, 0
2, 88002, Note_on_c, 0, 81, 89
2, 88005, Note_on_c, 0, 64, 0
2, 88010, Note_on_c, 0, 64, 76
2, 88125, Note_on_c, 0, 82, 84
2, 88227, Note_on_c, 0, 69, 0
2, 88228, Note_on_c, 0, 64, 0
2, 88228, Note_on_c, 0, 81, 0
2, 88228, Note_on_c, 0, 82, 0
2, 88229, Note_on_c, 0, 73, 0
2, 88229, Note_on_c, 0, 85, 0
2, 88229, Note_on_c, 0, 76, 0
2, 88229, Control_c, 0, 64, 0
2, 88229, Note_on_c, 0, 57, 0
2, 88247, Note_on_c, 0, 84, 90
2, 88259, Note_on_c, 0, 50, 69
2, 88320, Control_c, 0, 64, 127
2, 88371, Note_on_c, 0, 74, 71
2, 88398, Note_on_c, 0, 57, 63
2, 88499, Note_on_c, 0, 78, 74
2, 88508, Note_on_c, 0, 62, 62
2, 88621, Note_on_c, 0, 66, 65
2, 88627, Note_on_c, 0, 84, 0
2, 88634, Note_on_c, 0, 84, 70
2, 88673, Note_on_c, 0, 50, 0
2, 88750, Note_on_c, 0, 74, 0
2, 88759, Note_on_c, 0, 74, 84
2, 88760, Note_on_c, 0, 69, 46
2, 88857, Note_on_c, 0, 78, 0
2, 88861, Note_on_c, 0, 78, 87
2, 88980, Note_on_c, 0, 74, 0
2, 88989, Note_on_c, 0, 74, 77
2, 89095, Note_on_c, 0, 84, 0
2, 89103, Note_on_c, 0, 84, 97
2, 89106, Note_on_c, 0, 57, 0
2, 89106, Note_on_c, 0, 62, 0
2, 89106, Note_on_c, 0, 78, 0
2, 89106, Control_c, 0, 64, 0
2, 89107, Note_on_c, 0, 74, 0
2, 89107, Note_on_c, 0, 66, 0
2, 89122, Note_on_c, 0, 54, 69
2, 89134, Note_on_c, 0, 69, 0
2, 89195, Control_c, 0, 64, 127
2, 89233, Note_on_c, 0, 74, 73
2, 89235, Note_on_c, 0, 62, 71
2, 89356, Note_on_c, 0, 84, 0
2, 89363, Note_on_c, 0, 84, 93
2, 89365, Note_on_c, 0, 66, 77
2, 89469, Note_on_c, 0, 82, 89
2, 89478, Note_on_c, 0, 69, 66
2, 89598, Note_on_c, 0, 81, 82
2, 89707, Note_on_c, 0, 54, 0
2, 89708, Note_on_c, 0, 66, 0
2, 89708, Note_on_c, 0, 69, 0
2, 89708, Note_on_c, 0, 84, 0
2, 89710, Note_on_c, 0, 82, 0
2, 89710, Note_on_c, 0, 62, 0
2, 89711, Control_c, 0, 64, 0
2, 89712, Note_on_c, 0, 74, 0
2, 89714, Note_on_c, 0, 81, 0
2, 89716, Note_on_c, 0, 82, 95
2, 89736, Note_on_c, 0, 55, 86
2, 89794, Control_c, 0, 64, 127
2, 89866, Note_on_c, 0, 62, 73
2, 89962, Note_on_c, 0, 67, 89
2, 90046, Note_on_c, 0, 69, 62
2, 90094, Note_on_c, 0, 70, 77
2, 90160, Note_on_c, 0, 72, 76
2, 90189, Note_on_c, 0, 70, 0
2, 90189, Note_on_c, 0, 67, 0
2, 90189, Note_on_c, 0, 62, 0
2, 90189, Note_on_c, 0, 69, 0
2, 90189, Control_c, 0, 64, 0
2, 90190, Note_on_c, 0, 55, 0
2, 90191, Note_on_c, 0, 82, 0
2, 90213, Note_on_c, 0, 74, 97
2, 90222, Note_on_c, 0, 43, 79
2, 90240, Note_on_c, 0, 72, 0
2, 90293, Control_c, 0, 64, 127
2, 90338, Note_on_c, 0, 67, 78
2, 90372, Note_on_c, 0, 50, 64
2, 90459, Note_on_c, 0, 70, 74
2, 90465, Note_on_c, 0, 55, 75
2, 90584, Note_on_c, 0, 79, 102
2, 90592, Note_on_c, 0, 58, 78
2, 90593, Note_on_c, 0, 62, 57
2, 90600, Note_on_c, 0, 62, 0
2, 90700, Note_on_c, 0, 67, 0
2, 90708, Note_on_c, 0, 67, 80
2, 90831, Note_on_c, 0, 74, 0
2, 90841, Note_on_c, 0, 74, 87
2, 90955, Note_on_c, 0, 55, 0
2, 90955, Note_on_c, 0, 58, 0
2, 90956, Note_on_c, 0, 43, 0
2, 90956, Note_on_c, 0, 67, 0
2, 90956, Note_on_c, 0, 50, 0
2, 90957, Note_on_c, 0, 70, 0
2, 90957, Note_on_c, 0, 79, 0
2, 90958, Note_on_c, 0, 74, 0
2, 90958, Control_c, 0, 64, 0
2, 90959, Note_on_c, 0, 73, 96
2, 90965, Note_on_c, 0, 45, 79
2, 91061, Control_c, 0, 64, 127
2, 91082, Note_on_c, 0, 64, 73
2, 91109, Note_on_c, 0, 52, 72
2, 91191, Note_on_c, 0, 69, 83
2, 91223, Note_on_c, 0, 57, 78
2, 91331, Note_on_c, 0, 81, 96
2, 91335, Note_on_c, 0, 61, 76
2, 91453, Note_on_c, 0, 64, 0
2, 91462, Note_on_c, 0, 64, 74
2, 91560, Note_on_c, 0, 73, 0
2, 91572, Note_on_c, 0, 73, 85
2, 91591, Note_on_c, 0, 61, 0
2, 91599, Note_on_c, 0, 61, 31
2, 91691, Note_on_c, 0, 69, 0
2, 91696, Note_on_c, 0, 69, 94
2, 91706, Note_on_c, 0, 57, 0
2, 91715, Note_on_c, 0, 57, 86
2, 91829, Note_on_c, 0, 64, 0
2, 91835, Note_on_c, 0, 64, 75
2, 91952, Note_on_c, 0, 52, 0
2, 91952, Note_on_c, 0, 69, 0
2, 91957, Note_on_c, 0, 57, 0
2, 91958, Note_on_c, 0, 52, 69
2, 91958, Note_on_c, 0, 69, 84
2, 92066, Note_on_c, 0, 70, 81
2, 92177, Note_on_c, 0, 69, 0
2, 92177, Note_on_c, 0, 70, 0
2, 92177, Note_on_c, 0, 52, 0
2, 92177, Note_on_c, 0, 81, 0
2, 92177, Note_on_c, 0, 64, 0
2, 92177, Note_on_c, 0, 61, 0
2, 92177, Control_c, 0, 64, 0
2, 92178, Note_on_c, 0, 73, 0
2, 92183, Note_on_c, 0, 45, 0
2, 92194, Note_on_c, 0, 72, 103
2, 92211, Note_on_c, 0, 38, 83
2, 92211, Note_on_c, 0, 66, 65
2, 92221, Note_on_c, 0, 66, 0
2, 92267, Control_c, 0, 64, 127
2, 92325, Note_on_c, 0, 62, 72
2, 92362, Note_on_c, 0, 45, 65
2, 92435, Note_on_c, 0, 66, 74
2, 92464, Note_on_c, 0, 50, 47
2, 92559, Note_on_c, 0, 72, 0
2, 92568, Note_on_c, 0, 72, 78
2, 92572, Note_on_c, 0, 54, 65
2, 92689, Note_on_c, 0, 62, 0
2, 92695, Note_on_c, 0, 62, 91
2, 92820, Note_on_c, 0, 66, 0
2, 92824, Note_on_c, 0, 66, 81
2, 92935, Note_on_c, 0, 62, 0
2, 92942, Note_on_c, 0, 62, 78
2, 93035, Note_on_c, 0, 38, 0
2, 93050, Note_on_c, 0, 72, 0
2, 93060, Control_c, 0, 64, 0
2, 93061, Note_on_c, 0, 72, 103
2, 93062, Note_on_c, 0, 45, 0
2, 93062, Note_on_c, 0, 42, 80
2, 93062, Note_on_c, 0, 50, 0
2, 93062, Note_on_c, 0, 62, 0
2, 93063, Note_on_c, 0, 54, 0
2, 93063, Note_on_c, 0, 66, 0
2, 93150, Control_c, 0, 64, 127
2, 93186, Note_on_c, 0, 50, 67
2, 93186, Note_on_c, 0, 62, 81
2, 93250, Note_on_c, 0, 42, 0
2, 93304, Note_on_c, 0, 72, 0
2, 93314, Note_on_c, 0, 72, 100
2, 93316, Note_on_c, 0, 54, 72
2, 93431, Note_on_c, 0, 57, 77
2, 93431, Note_on_c, 0, 70, 87
2, 93546, Note_on_c, 0, 69, 83
2, 93623, Note_on_c, 0, 54, 0
2, 93623, Note_on_c, 0, 72, 0
2, 93623, Note_on_c, 0, 57, 0
2, 93623, Note_on_c, 0, 62, 0
2, 93624, Note_on_c, 0, 50, 0
2, 93624, Note_on_c, 0, 69, 0
2, 93626, Control_c, 0, 64, 0
2, 93657, Note_on_c, 0, 70, 0
2, 93662, Note_on_c, 0, 43, 78
2, 93663, Note_on_c, 0, 70, 97
2, 93711, Control_c, 0, 64, 127
2, 93803, Note_on_c, 0, 50, 67
2, 93907, Note_on_c, 0, 55, 75
2, 93909, Note_on_c, 0, 69, 59
2, 93918, Note_on_c, 0, 69, 0
2, 93997, Note_on_c, 0, 74, 72
2, 94059, Note_on_c, 0, 79, 86
2, 94127, Note_on_c, 0, 81, 74
2, 94150, Note_on_c, 0, 43, 0
2, 94152, Note_on_c, 0, 70, 0
2, 94152, Control_c, 0, 64, 0
2, 94152, Note_on_c, 0, 50, 0
2, 94153, Note_on_c, 0, 74, 0
2, 94157, Note_on_c, 0, 79, 0
2, 94172, Note_on_c, 0, 55, 0
2, 94177, Note_on_c, 0, 82, 95
2, 94179, Note_on_c, 0, 55, 88
2, 94241, Control_c, 0, 64, 127
2, 94303, Note_on_c, 0, 62, 78
2, 94412, Note_on_c, 0, 67, 81
2, 94546, Note_on_c, 0, 70, 66
2, 94549, Note_on_c, 0, 79, 89
2, 94668, Note_on_c, 0, 74, 84
2, 94771, Note_on_c, 0, 79, 0
2, 94777, Note_on_c, 0, 79, 86
2, 94794, Note_on_c, 0, 81, 0
2, 94901, Note_on_c, 0, 82, 0
2, 94906, Note_on_c, 0, 82, 99
2, 94907, Note_on_c, 0, 57, 92
2, 94918, Control_c, 0, 64, 0
2, 94919, Note_on_c, 0, 55, 0
2, 94919, Note_on_c, 0, 62, 0
2, 94919, Note_on_c, 0, 70, 0
2, 94920, Note_on_c, 0, 67, 0
2, 94920, Note_on_c, 0, 79, 0
2, 94921, Note_on_c, 0, 74, 0
2, 95016, Control_c, 0, 64, 127
2, 95041, Note_on_c, 0, 64, 78
2, 95150, Note_on_c, 0, 69, 84
2, 95273, Note_on_c, 0, 79, 92
2, 95281, Note_on_c, 0, 73, 72
2, 95397, Note_on_c, 0, 76, 65
2, 95500, Note_on_c, 0, 79, 0
2, 95507, Note_on_c, 0, 79, 93
2, 95623, Note_on_c, 0, 69, 0
2, 95623, Note_on_c, 0, 82, 0
2, 95634, Note_on_c, 0, 82, 96
2, 95635, Note_on_c, 0, 69, 78
2, 95754, Note_on_c, 0, 76, 0
2, 95759, Note_on_c, 0, 76, 82
2, 95869, Note_on_c, 0, 64, 0
2, 95872, Note_on_c, 0, 81, 98
2, 95874, Note_on_c, 0, 64, 88
2, 95984, Note_on_c, 0, 82, 0
2, 95994, Note_on_c, 0, 82, 86
2, 96064, Control_c, 0, 64, 0
2, 96065, Note_on_c, 0, 79, 0
2, 96066, Note_on_c, 0, 81, 0
2, 96066, Note_on_c, 0, 82, 0
2, 96066, Note_on_c, 0, 64, 0
2, 96067, Note_on_c, 0, 76, 0
2, 96067, Note_on_c, 0, 73, 0
2, 96067, Note_on_c, 0, 57, 0
2, 96084, Note_on_c, 0, 69, 0
2, 96116, Note_on_c, 0, 91, 106
2, 96118, Note_on_c, 0, 50, 90
2, 96138, Control_c, 0, 64, 127
2, 96240, Note_on_c, 0, 81, 86
2, 96242, Note_on_c, 0, 57, 81
2, 96356, Note_on_c, 0, 84, 84
2, 96356, Note_on_c, 0, 62, 82
2, 96494, Note_on_c, 0, 90, 106
2, 96497, Note_on_c, 0, 66, 84
2, 96614, Note_on_c, 0, 81, 0
2, 96619, Note_on_c, 0, 81, 81
2, 96721, Note_on_c, 0, 84, 0
2, 96731, Note_on_c, 0, 84, 81
2, 96856, Control_c, 0, 64, 0
2, 96858, Note_on_c, 0, 57, 0
2, 96858, Note_on_c, 0, 66, 0
2, 96858, Note_on_c, 0, 81, 0
2, 96858, Note_on_c, 0, 90, 0
2, 96860, Note_on_c, 0, 62, 0
2, 96860, Note_on_c, 0, 91, 0
2, 96867, Note_on_c, 0, 91, 110
2, 96870, Note_on_c, 0, 62, 93
2, 96875, Note_on_c, 0, 50, 0
2, 96898, Note_on_c, 0, 84, 0
2, 96944, Control_c, 0, 64, 127
2, 97001, Note_on_c, 0, 81, 88
2, 97007, Note_on_c, 0, 69, 77
2, 97110, Note_on_c, 0, 84, 89
2, 97111, Note_on_c, 0, 74, 84
2, 97241, Note_on_c, 0, 93, 104
2, 97248, Note_on_c, 0, 78, 88
2, 97371, Note_on_c, 0, 90, 94
2, 97486, Note_on_c, 0, 87, 87
2, 97593, Note_on_c, 0, 86, 95
2, 97597, Note_on_c, 0, 74, 0
2, 97605, Note_on_c, 0, 74, 91
2, 97651, Note_on_c, 0, 87, 0
2, 97659, Note_on_c, 0, 87, 81
2, 97720, Note_on_c, 0, 86, 0
2, 97724, Note_on_c, 0, 86, 81
2, 97758, Note_on_c, 0, 84, 0
2, 97762, Note_on_c, 0, 84, 85
2, 97831, Note_on_c, 0, 82, 92
2, 97843, Note_on_c, 0, 69, 0
2, 97849, Note_on_c, 0, 69, 84
2, 97889, Note_on_c, 0, 84, 0
2, 97893, Note_on_c, 0, 84, 87
2, 97966, Note_on_c, 0, 82, 0
2, 97970, Note_on_c, 0, 82, 71
2, 98012, Note_on_c, 0, 81, 0
2, 98016, Note_on_c, 0, 81, 88
2, 98053, Control_c, 0, 64, 0
2, 98055, Note_on_c, 0, 90, 0
2, 98055, Note_on_c, 0, 74, 0
2, 98055, Note_on_c, 0, 69, 0
2, 98055, Note_on_c, 0, 86, 0
2, 98056, Note_on_c, 0, 62, 0
2, 98056, Note_on_c, 0, 84, 0
2, 98056, Note_on_c, 0, 87, 0
2, 98058, Note_on_c, 0, 93, 0
2, 98058, Note_on_c, 0, 78, 0
2, 98060, Note_on_c, 0, 81, 0
2, 98073, Note_on_c, 0, 91, 0
2, 98081, Note_on_c, 0, 82, 0
2, 98091, Note_on_c, 0, 82, 104
2, 98097, Note_on_c, 0, 43, 73
2, 98142, Control_c, 0, 64, 127
2, 98235, Note_on_c, 0, 50, 67
2, 98353, Note_on_c, 0, 55, 68
2, 98477, Note_on_c, 0, 58, 69
2, 98480, Note_on_c, 0, 67, 81
2, 98599, Note_on_c, 0, 62, 81
2, 98695, Note_on_c, 0, 67, 0
2, 98700, Note_on_c, 0, 67, 85
2, 98711, Note_on_c, 0, 82, 0
2, 98824, Note_on_c, 0, 70, 94
2, 98830, Note_on_c, 0, 45, 81
2, 98835, Note_on_c, 0, 50, 0
2, 98835, Note_on_c, 0, 55, 0
2, 98835, Note_on_c, 0, 58, 0
2, 98835, Note_on_c, 0, 43, 0
2, 98835, Note_on_c, 0, 62, 0
2, 98836, Control_c, 0, 64, 0
2, 98837, Note_on_c, 0, 67, 0
2, 98926, Control_c, 0, 64, 127
2, 98960, Note_on_c, 0, 52, 72
2, 99075, Note_on_c, 0, 57, 84
2, 99213, Note_on_c, 0, 61, 77
2, 99214, Note_on_c, 0, 67, 90
2, 99337, Note_on_c, 0, 64, 86
2, 99440, Note_on_c, 0, 67, 0
2, 99444, Note_on_c, 0, 67, 85
2, 99563, Note_on_c, 0, 57, 0
2, 99563, Note_on_c, 0, 70, 0
2, 99568, Note_on_c, 0, 70, 95
2, 99570, Note_on_c, 0, 57, 89
2, 99686, Note_on_c, 0, 64, 0
2, 99693, Note_on_c, 0, 64, 84
2, 99801, Note_on_c, 0, 52, 0
2, 99809, Note_on_c, 0, 69, 93
2, 99809, Note_on_c, 0, 67, 0
2, 99809, Note_on_c, 0, 52, 73
2, 99814, Note_on_c, 0, 67, 73
2, 99924, Note_on_c, 0, 70, 0
2, 99933, Note_on_c, 0, 70, 84
2, 99988, Note_on_c, 0, 52, 0
2, 99988, Note_on_c, 0, 69, 0
2, 99988, Note_on_c, 0, 70, 0
2, 99988, Note_on_c, 0, 61, 0
2, 99988, Control_c, 0, 64, 0
2, 99988, Note_on_c, 0, 57, 0
2, 99989, Note_on_c, 0, 64, 0
2, 99989, Note_on_c, 0, 67, 0
2, 99993, Note_on_c, 0, 45, 0
2, 100046, Note_on_c, 0, 26, 84
2, 100046, Note_on_c, 0, 38, 86
2, 100048, Note_on_c, 0, 72, 104
2, 100055, Note_on_c, 0, 26, 0
2, 100070, Control_c, 0, 64, 127
2, 100189, Note_on_c, 0, 45, 80
2, 100311, Note_on_c, 0, 50, 77
2, 100429, Note_on_c, 0, 79, 107
2, 100443, Note_on_c, 0, 54, 84
2, 100556, Note_on_c, 0, 78, 101
2, 100623, Note_on_c, 0, 79, 0
2, 100633, Note_on_c, 0, 79, 105
2, 100692, Note_on_c, 0, 50, 0
2, 100692, Note_on_c, 0, 78, 0
2, 100699, Note_on_c, 0, 50, 40
2, 100700, Note_on_c, 0, 78, 102
2, 100767, Note_on_c, 0, 75, 80
2, 100806, Note_on_c, 0, 74, 92
2, 100807, Note_on_c, 0, 50, 0
2, 100812, Note_on_c, 0, 50, 58
2, 100861, Note_on_c, 0, 75, 0
2, 100869, Note_on_c, 0, 75, 101
2, 100915, Note_on_c, 0, 74, 0
2, 100926, Note_on_c, 0, 74, 85
2, 100968, Note_on_c, 0, 72, 0
2, 100973, Note_on_c, 0, 72, 92
2, 101038, Note_on_c, 0, 74, 0
2, 101044, Note_on_c, 0, 74, 110
2, 101054, Control_c, 0, 64, 0
2, 101055, Note_on_c, 0, 45, 0
2, 101055, Note_on_c, 0, 50, 0
2, 101055, Note_on_c, 0, 54, 0
2, 101055, Note_on_c, 0, 72, 0
2, 101056, Note_on_c, 0, 79, 0
2, 101056, Note_on_c, 0, 78, 0
2, 101056, Note_on_c, 0, 75, 0
2, 101061, Note_on_c, 0, 38, 0
2, 101068, Note_on_c, 0, 38, 82
2, 101137, Control_c, 0, 64, 127
2, 101194, Note_on_c, 0, 45, 89
2, 101314, Note_on_c, 0, 50, 88
2, 101420, Note_on_c, 0, 54, 86
2, 101552, Note_on_c, 0, 74, 0
2, 101557, Note_on_c, 0, 79, 114
2, 101562, Note_on_c, 0, 74, 102
2, 101563, Note_on_c, 0, 43, 99
2, 101563, Note_on_c, 0, 67, 110
2, 101564, Note_on_c, 0, 70, 105
2, 101568, Note_on_c, 0, 38, 0
2, 101570, Note_on_c, 0, 45, 0
2, 101570, Control_c, 0, 64, 0
2, 101571, Note_on_c, 0, 54, 0
2, 101572, Note_on_c, 0, 50, 0
2, 101660, Control_c, 0, 64, 127
2, 101693, Note_on_c, 0, 50, 98
2, 101817, Note_on_c, 0, 55, 88
2, 101908, Note_on_c, 0, 58, 98
2, 102026, Note_on_c, 0, 55, 0
2, 102026, Note_on_c, 0, 50, 0
2, 102027, Note_on_c, 0, 70, 0
2, 102027, Note_on_c, 0, 58, 0
2, 102027, Note_on_c, 0, 79, 0
2, 102027, Note_on_c, 0, 43, 0
2, 102027, Control_c, 0, 64, 0
2, 102036, Note_on_c, 0, 67, 0
2, 102036, Note_on_c, 0, 74, 0
2, 102060, Note_on_c, 0, 80, 109
2, 102061, Note_on_c, 0, 51, 104
2, 102062, Note_on_c, 0, 44, 109
2, 102063, Note_on_c, 0, 56, 111
2, 102063, Note_on_c, 0, 48, 85
2, 102064, Note_on_c, 0, 68, 108
2, 102105, Control_c, 0, 64, 127
2, 102153, Note_on_c, 0, 72, 86
2, 102196, Note_on_c, 0, 75, 87
2, 102274, Note_on_c, 0, 80, 0
2, 102280, Note_on_c, 0, 80, 98
2, 102309, Note_on_c, 0, 60, 105
2, 102317, Note_on_c, 0, 84, 86
2, 102395, Note_on_c, 0, 87, 74
2, 102412, Note_on_c, 0, 80, 0
2, 102422, Note_on_c, 0, 80, 99
2, 102458, Note_on_c, 0, 84, 0
2, 102469, Note_on_c, 0, 84, 92
2, 102560, Note_on_c, 0, 63, 115
2, 102562, Note_on_c, 0, 92, 95
2, 102650, Note_on_c, 0, 84, 0
2, 102656, Note_on_c, 0, 84, 89
2, 102696, Note_on_c, 0, 80, 0
2, 102701, Note_on_c, 0, 80, 84
2, 102781, Note_on_c, 0, 87, 0
2, 102789, Note_on_c, 0, 68, 0
2, 102792, Note_on_c, 0, 87, 86
2, 102799, Note_on_c, 0, 68, 108
2, 102858, Note_on_c, 0, 84, 0
2, 102867, Note_on_c, 0, 84, 85
2, 102888, Note_on_c, 0, 80, 0
2, 102900, Note_on_c, 0, 80, 82
2, 102927, Note_on_c, 0, 75, 0
2, 102932, Note_on_c, 0, 75, 94
2, 103042, Note_on_c, 0, 63, 0
2, 103042, Note_on_c, 0, 56, 0
2, 103043, Note_on_c, 0, 60, 0
2, 103043, Note_on_c, 0, 87, 0
2, 103043, Note_on_c, 0, 80, 0
2, 103043, Note_on_c, 0, 75, 0
2, 103044, Note_on_c, 0, 72, 0
2, 103044, Note_on_c, 0, 84, 0
2, 103044, Control_c, 0, 64, 0
2, 103050, Note_on_c, 0, 92, 0
2, 103057, Note_on_c, 0, 44, 0
2, 103057, Note_on_c, 0, 48, 0
2, 103057, Note_on_c, 0, 51, 0
2, 103057, Note_on_c, 0, 68, 0
2, 103062, Note_on_c, 0, 55, 112
2, 103064, Note_on_c, 0, 51, 102
2, 103065, Note_on_c, 0, 43, 89
2, 103068, Note_on_c, 0, 48, 92
2, 103130, Note_on_c, 0, 72, 98
2, 103142, Control_c, 0, 64, 127
2, 103191, Note_on_c, 0, 75, 92
2, 103267, Note_on_c, 0, 79, 102
2, 103323, Note_on_c, 0, 84, 89
2, 103369, Note_on_c, 0, 87, 84
2, 103411, Note_on_c, 0, 79, 0
2, 103416, Note_on_c, 0, 79, 97
2, 103464, Note_on_c, 0, 84, 0
2, 103468, Note_on_c, 0, 84, 84
2, 103495, Note_on_c, 0, 87, 0
2, 103505, Note_on_c, 0, 87, 82
2, 103559, Note_on_c, 0, 91, 102
2, 103626, Note_on_c, 0, 87, 0
2, 103637, Note_on_c, 0, 87, 75
2, 103656, Note_on_c, 0, 84, 0
2, 103663, Note_on_c, 0, 84, 80
2, 103710, Note_on_c, 0, 79, 0
2, 103715, Note_on_c, 0, 79, 90
2, 103779, Note_on_c, 0, 87, 0
2, 103784, Note_on_c, 0, 67, 107
2, 103785, Note_on_c, 0, 87, 94
2, 103848, Note_on_c, 0, 84, 0
2, 103858, Note_on_c, 0, 84, 89
2, 103879, Note_on_c, 0, 79, 0
2, 103883, Note_on_c, 0, 79, 80
2, 103925, Note_on_c, 0, 75, 0
2, 103932, Note_on_c, 0, 75, 83
2, 103993, Note_on_c, 0, 51, 0
2, 103994, Note_on_c, 0, 48, 0
2, 103994, Note_on_c, 0, 43, 0
2, 103994, Note_on_c, 0, 55, 0
2, 103995, Note_on_c, 0, 67, 0
2, 103995, Note_on_c, 0, 91, 0
2, 103995, Note_on_c, 0, 87, 0
2, 103995, Note_on_c, 0, 75, 0
2, 103996, Note_on_c, 0, 72, 0
2, 103996, Note_on_c, 0, 79, 0
2, 103999, Control_c, 0, 64, 0
2, 104010, Note_on_c, 0, 84, 0
2, 104035, Note_on_c, 0, 54, 110
2, 104036, Note_on_c, 0, 42, 103
2, 104037, Note_on_c, 0, 66, 105
2, 104037, Note_on_c, 0, 50, 92
2, 104087, Control_c, 0, 64, 127
2, 104108, Note_on_c, 0, 69, 98
2, 104153, Note_on_c, 0, 74, 94
2, 104251, Note_on_c, 0, 78, 97
2, 104282, Note_on_c, 0, 63, 101
2, 104299, Note_on_c, 0, 81, 90
2, 104378, Note_on_c, 0, 78, 0
2, 104389, Note_on_c, 0, 78, 93
2, 104440, Note_on_c, 0, 81, 0
2, 104449, Note_on_c, 0, 81, 98
2, 104529, Note_on_c, 0, 62, 114
2, 104536, Note_on_c, 0, 90, 99
2, 104599, Note_on_c, 0, 86, 86
2, 104647, Note_on_c, 0, 81, 0
2, 104652, Note_on_c, 0, 81, 86
2, 104693, Note_on_c, 0, 78, 0
2, 104701, Note_on_c, 0, 78, 97
2, 104770, Note_on_c, 0, 86, 0
2, 104774, Note_on_c, 0, 86, 101
2, 104775, Note_on_c, 0, 60, 106
2, 104824, Note_on_c, 0, 81, 0
2, 104832, Note_on_c, 0, 81, 83
2, 104870, Note_on_c, 0, 78, 0
2, 104875, Note_on_c, 0, 78, 103
2, 104908, Note_on_c, 0, 74, 0
2, 104914, Note_on_c, 0, 74, 74
2, 104992, Note_on_c, 0, 86, 0
2, 104993, Note_on_c, 0, 81, 0
2, 104993, Note_on_c, 0, 69, 0
2, 104993, Note_on_c, 0, 54, 0
2, 104994, Note_on_c, 0, 63, 0
2, 104994, Note_on_c, 0, 78, 0
2, 104994, Note_on_c, 0, 60, 0
2, 104994, Note_on_c, 0, 74, 0
2, 104994, Note_on_c, 0, 66, 0
2, 104997, Control_c, 0, 64, 0
2, 105000, Note_on_c, 0, 42, 0
2, 105000, Note_on_c, 0, 90, 0
2, 105016, Note_on_c, 0, 50, 0
2, 105016, Note_on_c, 0, 62, 0
2, 105020, Note_on_c, 0, 43, 90
2, 105021, Note_on_c, 0, 62, 108
2, 105021, Note_on_c, 0, 31, 81
2, 105022, Note_on_c, 0, 59, 109
2, 105026, Note_on_c, 0, 50, 94
2, 105031, Note_on_c, 0, 31, 0
2, 105077, Control_c, 0, 64, 127
2, 105104, Note_on_c, 0, 67, 96
2, 105164, Note_on_c, 0, 71, 91
2, 105253, Note_on_c, 0, 74, 98
2, 105302, Note_on_c, 0, 79, 91
2, 105377, Note_on_c, 0, 74, 0
2, 105387, Note_on_c, 0, 74, 89
2, 105423, Note_on_c, 0, 79, 0
2, 105431, Note_on_c, 0, 79, 99
2, 105456, Note_on_c, 0, 83, 80
2, 105513, Note_on_c, 0, 86, 88
2, 105561, Note_on_c, 0, 83, 0
2, 105572, Note_on_c, 0, 83, 88
2, 105615, Note_on_c, 0, 79, 0
2, 105622, Note_on_c, 0, 79, 82
2, 105676, Note_on_c, 0, 74, 0
2, 105680, Note_on_c, 0, 74, 80
2, 105761, Note_on_c, 0, 79, 0
2, 105767, Note_on_c, 0, 55, 104
2, 105769, Note_on_c, 0, 79, 100
2, 105771, Note_on_c, 0, 81, 94
2, 105845, Note_on_c, 0, 71, 0
2, 105856, Note_on_c, 0, 71, 86
2, 105899, Note_on_c, 0, 67, 0
2, 105907, Note_on_c, 0, 67, 85
2, 105965, Control_c, 0, 64, 0
2, 105966, Note_on_c, 0, 55, 0
2, 105966, Note_on_c, 0, 67, 0
2, 105966, Note_on_c, 0, 59, 0
2, 105966, Note_on_c, 0, 71, 0
2, 105967, Note_on_c, 0, 50, 0
2, 105967, Note_on_c, 0, 86, 0
2, 105967, Note_on_c, 0, 79, 0
2, 105967, Note_on_c, 0, 62, 0
2, 105967, Note_on_c, 0, 43, 0
2, 105976, Note_on_c, 0, 81, 0
2, 105984, Note_on_c, 0, 74, 0
2, 105984, Note_on_c, 0, 83, 0
2, 106018, Note_on_c, 0, 56, 108
2, 106019, Note_on_c, 0, 48, 80
2, 106020, Note_on_c, 0, 44, 104
2, 106021, Note_on_c, 0, 51, 97
2, 106023, Note_on_c, 0, 68, 103
2, 106053, Control_c, 0, 64, 127
2, 106102, Note_on_c, 0, 72, 98
2, 106142, Note_on_c, 0, 75, 77
2, 106231, Note_on_c, 0, 80, 96
2, 106270, Note_on_c, 0, 60, 108
2, 106277, Note_on_c, 0, 84, 85
2, 106322, Note_on_c, 0, 87, 84
2, 106375, Note_on_c, 0, 80, 0
2, 106385, Note_on_c, 0, 80, 91
2, 106429, Note_on_c, 0, 84, 0
2, 106435, Note_on_c, 0, 84, 84
2, 106467, Note_on_c, 0, 87, 0
2, 106475, Note_on_c, 0, 87, 82
2, 106513, Note_on_c, 0, 51, 0
2, 106519, Note_on_c, 0, 63, 113
2, 106522, Note_on_c, 0, 51, 83
2, 106524, Note_on_c, 0, 92, 94
2, 106590, Note_on_c, 0, 84, 0
2, 106599, Note_on_c, 0, 84, 77
2, 106629, Note_on_c, 0, 80, 0
2, 106640, Note_on_c, 0, 80, 97
2, 106721, Note_on_c, 0, 87, 0
2, 106730, Note_on_c, 0, 87, 84
2, 106759, Note_on_c, 0, 68, 0
2, 106764, Note_on_c, 0, 68, 111
2, 106782, Note_on_c, 0, 84, 0
2, 106789, Note_on_c, 0, 84, 85
2, 106828, Note_on_c, 0, 80, 0
2, 106833, Note_on_c, 0, 80, 91
2, 106867, Note_on_c, 0, 75, 0
2, 106872, Note_on_c, 0, 75, 85
2, 106982, Note_on_c, 0, 48, 0
2, 106983, Note_on_c, 0, 56, 0
2, 106983, Note_on_c, 0, 87, 0
2, 106983, Note_on_c, 0, 80, 0
2, 106983, Note_on_c, 0, 68, 0
2, 106983, Note_on_c, 0, 92, 0
2, 106984, Note_on_c, 0, 63, 0
2, 106984, Note_on_c, 0, 60, 0
2, 106984, Note_on_c, 0, 75, 0
2, 106984, Note_on_c, 0, 72, 0
2, 106984, Note_on_c, 0, 84, 0
2, 106985, Control_c, 0, 64, 0
2, 106997, Note_on_c, 0, 44, 0
2, 106997, Note_on_c, 0, 51, 0
2, 107005, Note_on_c, 0, 55, 112
2, 107006, Note_on_c, 0, 51, 96
2, 107009, Note_on_c, 0, 43, 87
2, 107059, Control_c, 0, 64, 127
2, 107063, Note_on_c, 0, 72, 96
2, 107120, Note_on_c, 0, 75, 95
2, 107205, Note_on_c, 0, 79, 97
2, 107258, Note_on_c, 0, 84, 90
2, 107305, Note_on_c, 0, 87, 85
2, 107351, Note_on_c, 0, 79, 0
2, 107360, Note_on_c, 0, 79, 101
2, 107404, Note_on_c, 0, 84, 0
2, 107416, Note_on_c, 0, 84, 90
2, 107499, Note_on_c, 0, 91, 98
2, 107566, Note_on_c, 0, 87, 0
2, 107572, Note_on_c, 0, 87, 82
2, 107596, Note_on_c, 0, 84, 0
2, 107603, Note_on_c, 0, 84, 72
2, 107658, Note_on_c, 0, 79, 0
2, 107662, Note_on_c, 0, 79, 86
2, 107719, Note_on_c, 0, 87, 0
2, 107726, Note_on_c, 0, 87, 93
2, 107730, Note_on_c, 0, 67, 111
2, 107811, Note_on_c, 0, 84, 0
2, 107816, Note_on_c, 0, 84, 71
2, 107819, Note_on_c, 0, 83, 75
2, 107857, Note_on_c, 0, 75, 0
2, 107868, Note_on_c, 0, 75, 94
2, 107946, Note_on_c, 0, 67, 0
2, 107946, Note_on_c, 0, 87, 0
2, 107947, Note_on_c, 0, 91, 0
2, 107947, Note_on_c, 0, 72, 0
2, 107947, Note_on_c, 0, 83, 0
2, 107947, Note_on_c, 0, 84, 0
2, 107947, Note_on_c, 0, 79, 0
2, 107947, Note_on_c, 0, 51, 0
2, 107948, Control_c, 0, 64, 0
2, 107957, Note_on_c, 0, 55, 0
2, 107965, Note_on_c, 0, 43, 0
2, 107965, Note_on_c, 0, 75, 0
2, 107991, Note_on_c, 0, 54, 111
2, 107992, Note_on_c, 0, 66, 107
2, 107993, Note_on_c, 0, 42, 101
2, 107994, Note_on_c, 0, 50, 90
2, 108049, Control_c, 0, 64, 127
2, 108064, Note_on_c, 0, 69, 102
2, 108108, Note_on_c, 0, 74, 88
2, 108214, Note_on_c, 0, 78, 96
2, 108248, Note_on_c, 0, 63, 101
2, 108258, Note_on_c, 0, 81, 87
2, 108349, Note_on_c, 0, 78, 0
2, 108353, Note_on_c, 0, 78, 93
2, 108372, Note_on_c, 0, 50, 0
2, 108383, Note_on_c, 0, 50, 47
2, 108410, Note_on_c, 0, 81, 0
2, 108415, Note_on_c, 0, 81, 90
2, 108445, Note_on_c, 0, 86, 76
2, 108487, Note_on_c, 0, 54, 0
2, 108493, Note_on_c, 0, 54, 85
2, 108494, Note_on_c, 0, 62, 114
2, 108497, Note_on_c, 0, 90, 94
2, 108518, Note_on_c, 0, 50, 0
2, 108524, Note_on_c, 0, 50, 50
2, 108541, Note_on_c, 0, 86, 0
2, 108547, Note_on_c, 0, 86, 68
2, 108587, Note_on_c, 0, 81, 0
2, 108594, Note_on_c, 0, 81, 90
2, 108641, Note_on_c, 0, 78, 0
2, 108645, Note_on_c, 0, 78, 89
2, 108718, Note_on_c, 0, 86, 0
2, 108724, Note_on_c, 0, 86, 93
2, 108738, Note_on_c, 0, 60, 103
2, 108764, Note_on_c, 0, 81, 0
2, 108774, Note_on_c, 0, 81, 85
2, 108817, Note_on_c, 0, 78, 0
2, 108826, Note_on_c, 0, 78, 94
2, 108864, Note_on_c, 0, 74, 0
2, 108874, Note_on_c, 0, 74, 73
2, 108948, Note_on_c, 0, 90, 0
2, 108951, Note_on_c, 0, 81, 0
2, 108952, Note_on_c, 0, 69, 0
2, 108952, Note_on_c, 0, 86, 0
2, 108952, Note_on_c, 0, 54, 0
2, 108952, Note_on_c, 0, 60, 0
2, 108952, Note_on_c, 0, 74, 0
2, 108952, Note_on_c, 0, 63, 0
2, 108952, Note_on_c, 0, 66, 0
2, 108954, Control_c, 0, 64, 0
2, 108956, Note_on_c, 0, 42, 0
2, 108971, Note_on_c, 0, 50, 0
2, 108971, Note_on_c, 0, 62, 0
2, 108971, Note_on_c, 0, 78, 0
2, 108978, Note_on_c, 0, 59, 110
2, 108980, Note_on_c, 0, 43, 91
2, 108981, Note_on_c, 0, 62, 109
2, 108982, Note_on_c, 0, 50, 96
2, 108982, Note_on_c, 0, 31, 84
2, 108986, Note_on_c, 0, 31, 0
2, 109032, Control_c, 0, 64, 127
2, 109060, Note_on_c, 0, 67, 97
2, 109102, Note_on_c, 0, 43, 0
2, 109111, Note_on_c, 0, 43, 70
2, 109113, Note_on_c, 0, 71, 88
2, 109199, Note_on_c, 0, 74, 94
2, 109250, Note_on_c, 0, 79, 96
2, 109324, Note_on_c, 0, 50, 0
2, 109324, Note_on_c, 0, 74, 0
2, 109332, Note_on_c, 0, 74, 94
2, 109332, Note_on_c, 0, 50, 53
2, 109378, Note_on_c, 0, 79, 0
2, 109384, Note_on_c, 0, 79, 91
2, 109399, Note_on_c, 0, 83, 84
2, 109478, Note_on_c, 0, 86, 94
2, 109501, Note_on_c, 0, 43, 0
2, 109506, Note_on_c, 0, 43, 33
2, 109532, Note_on_c, 0, 83, 0
2, 109536, Note_on_c, 0, 83, 77
2, 109570, Note_on_c, 0, 79, 0
2, 109581, Note_on_c, 0, 79, 103
2, 109608, Note_on_c, 0, 43, 0
2, 109608, Note_on_c, 0, 74, 0
2, 109613, Note_on_c, 0, 43, 64
2, 109615, Note_on_c, 0, 74, 76
2, 109701, Note_on_c, 0, 79, 0
2, 109708, Note_on_c, 0, 43, 0
2, 109711, Note_on_c, 0, 79, 114
2, 109712, Note_on_c, 0, 67, 0
2, 109713, Note_on_c, 0, 55, 104
2, 109715, Note_on_c, 0, 43, 87
2, 109716, Note_on_c, 0, 50, 0
2, 109720, Note_on_c, 0, 50, 67
2, 109831, Note_on_c, 0, 43, 0
2, 109836, Note_on_c, 0, 43, 87
2, 109928, Control_c, 0, 64, 0
2, 109930, Note_on_c, 0, 86, 0
2, 109931, Note_on_c, 0, 71, 0
2, 109931, Note_on_c, 0, 62, 0
2, 109931, Note_on_c, 0, 50, 0
2, 109931, Note_on_c, 0, 74, 0
2, 109931, Note_on_c, 0, 83, 0
2, 109931, Note_on_c, 0, 43, 0
2, 109932, Note_on_c, 0, 55, 0
2, 109932, Note_on_c, 0, 79, 0
2, 109939, Note_on_c, 0, 59, 0
2, 109960, Note_on_c, 0, 80, 113
2, 109965, Note_on_c, 0, 75, 96
2, 109966, Note_on_c, 0, 44, 99
2, 109966, Note_on_c, 0, 51, 90
2, 109966, Note_on_c, 0, 72, 99
2, 109966, Note_on_c, 0, 56, 102
2, 110000, Control_c, 0, 64, 127
2, 110200, Note_on_c, 0, 51, 0
2, 110205, Note_on_c, 0, 63, 94
2, 110208, Note_on_c, 0, 72, 0
2, 110208, Note_on_c, 0, 80, 0
2, 110209, Note_on_c, 0, 51, 72
2, 110209, Note_on_c, 0, 84, 103
2, 110214, Note_on_c, 0, 60, 82
2, 110215, Note_on_c, 0, 56, 0
2, 110217, Note_on_c, 0, 80, 79
2, 110218, Note_on_c, 0, 72, 98
2, 110221, Note_on_c, 0, 56, 82
2, 110307, Note_on_c, 0, 56, 0
2, 110319, Note_on_c, 0, 56, 85
2, 110453, Note_on_c, 0, 56, 0
2, 110453, Note_on_c, 0, 63, 0
2, 110453, Note_on_c, 0, 75, 0
2, 110453, Note_on_c, 0, 80, 0
2, 110457, Note_on_c, 0, 68, 106
2, 110458, Note_on_c, 0, 63, 96
2, 110461, Note_on_c, 0, 60, 0
2, 110463, Note_on_c, 0, 87, 105
2, 110463, Note_on_c, 0, 80, 90
2, 110465, Note_on_c, 0, 75, 97
2, 110465, Note_on_c, 0, 56, 91
2, 110465, Note_on_c, 0, 60, 84
2, 110576, Note_on_c, 0, 56, 0
2, 110581, Note_on_c, 0, 56, 75
2, 110699, Note_on_c, 0, 60, 0
2, 110707, Note_on_c, 0, 63, 0
2, 110707, Note_on_c, 0, 80, 0
2, 110708, Note_on_c, 0, 60, 82
2, 110710, Note_on_c, 0, 92, 113
2, 110711, Note_on_c, 0, 63, 94
2, 110711, Note_on_c, 0, 68, 0
2, 110711, Note_on_c, 0, 80, 108
2, 110714, Note_on_c, 0, 56, 0
2, 110720, Note_on_c, 0, 56, 83
2, 110733, Note_on_c, 0, 90, 65
2, 110799, Note_on_c, 0, 56, 0
2, 110804, Note_on_c, 0, 56, 91
2, 110919, Control_c, 0, 64, 0
2, 110920, Note_on_c, 0, 80, 0
2, 110920, Note_on_c, 0, 56, 0
2, 110921, Note_on_c, 0, 63, 0
2, 110921, Note_on_c, 0, 51, 0
2, 110921, Note_on_c, 0, 72, 0
2, 110922, Note_on_c, 0, 75, 0
2, 110922, Note_on_c, 0, 92, 0
2, 110929, Note_on_c, 0, 44, 0
2, 110929, Note_on_c, 0, 90, 0
2, 110937, Note_on_c, 0, 60, 0
2, 110945, Note_on_c, 0, 84, 0
2, 110945, Note_on_c, 0, 87, 0
2, 110950, Note_on_c, 0, 84, 103
2, 110951, Note_on_c, 0, 91, 114
2, 110952, Note_on_c, 0, 79, 109
2, 110956, Note_on_c, 0, 87, 96
2, 110958, Note_on_c, 0, 43, 98
2, 110961, Note_on_c, 0, 55, 101
2, 110963, Note_on_c, 0, 51, 93
2, 111014, Control_c, 0, 64, 127
2, 111196, Note_on_c, 0, 63, 86
2, 111201, Note_on_c, 0, 60, 79
2, 111306, Note_on_c, 0, 43, 0
2, 111306, Note_on_c, 0, 55, 0
2, 111316, Note_on_c, 0, 55, 91
2, 111317, Note_on_c, 0, 43, 78
2, 111320, Note_on_c, 0, 48, 55
2, 111436, Note_on_c, 0, 60, 0
2, 111436, Note_on_c, 0, 63, 0
2, 111443, Note_on_c, 0, 67, 95
2, 111444, Note_on_c, 0, 55, 0
2, 111445, Note_on_c, 0, 63, 96
2, 111448, Note_on_c, 0, 60, 83
2, 111448, Note_on_c, 0, 55, 88
2, 111559, Note_on_c, 0, 55, 0
2, 111567, Note_on_c, 0, 55, 85
2, 111682, Note_on_c, 0, 60, 0
2, 111682, Note_on_c, 0, 63, 0
2, 111682, Note_on_c, 0, 79, 0
2, 111682, Note_on_c, 0, 91, 0
2, 111687, Note_on_c, 0, 63, 97
2, 111687, Note_on_c, 0, 91, 107
2, 111689, Note_on_c, 0, 79, 108
2, 111691, Note_on_c, 0, 60, 79
2, 111797, Note_on_c, 0, 55, 0
2, 111799, Note_on_c, 0, 43, 0
2, 111803, Note_on_c, 0, 55, 85
2, 111900, Note_on_c, 0, 51, 0
2, 111900, Note_on_c, 0, 79, 0
2, 111901, Note_on_c, 0, 55, 0
2, 111901, Note_on_c, 0, 67, 0
2, 111901, Note_on_c, 0, 91, 0
2, 111901, Note_on_c, 0, 60, 0
2, 111902, Note_on_c, 0, 63, 0
2, 111902, Control_c, 0, 64, 0
2, 111902, Note_on_c, 0, 84, 0
2, 111902, Note_on_c, 0, 87, 0
2, 111912, Note_on_c, 0, 48, 0
2, 111936, Note_on_c, 0, 81, 108
2, 111937, Note_on_c, 0, 90, 113
2, 111938, Note_on_c, 0, 78, 112
2, 111939, Note_on_c, 0, 50, 81
2, 111942, Note_on_c, 0, 42, 93
2, 111942, Note_on_c, 0, 54, 90
2, 111947, Note_on_c, 0, 86, 92
2, 111989, Control_c, 0, 64, 127
2, 112012, Note_on_c, 0, 42, 0
2, 112171, Note_on_c, 0, 87, 107
2, 112178, Note_on_c, 0, 75, 100
2, 112178, Note_on_c, 0, 62, 79
2, 112181, Note_on_c, 0, 78, 0
2, 112185, Note_on_c, 0, 78, 85
2, 112187, Note_on_c, 0, 57, 83
2, 112296, Note_on_c, 0, 54, 0
2, 112308, Note_on_c, 0, 54, 82
2, 112312, Note_on_c, 0, 42, 74
2, 112419, Note_on_c, 0, 86, 0
2, 112424, Note_on_c, 0, 86, 102
2, 112427, Note_on_c, 0, 57, 0
2, 112427, Note_on_c, 0, 62, 0
2, 112429, Note_on_c, 0, 74, 102
2, 112430, Note_on_c, 0, 66, 101
2, 112432, Note_on_c, 0, 62, 88
2, 112435, Note_on_c, 0, 57, 90
2, 112535, Note_on_c, 0, 54, 0
2, 112546, Note_on_c, 0, 54, 84
2, 112657, Note_on_c, 0, 62, 0
2, 112664, Note_on_c, 0, 62, 92
2, 112665, Note_on_c, 0, 57, 0
2, 112672, Note_on_c, 0, 84, 106
2, 112673, Note_on_c, 0, 74, 0
2, 112675, Note_on_c, 0, 72, 104
2, 112676, Note_on_c, 0, 57, 90
2, 112684, Note_on_c, 0, 74, 84
2, 112773, Note_on_c, 0, 54, 0
2, 112780, Note_on_c, 0, 54, 84
2, 112898, Control_c, 0, 64, 0
2, 112899, Note_on_c, 0, 75, 0
2, 112899, Note_on_c, 0, 62, 0
2, 112899, Note_on_c, 0, 87, 0
2, 112899, Note_on_c, 0, 57, 0
2, 112899, Note_on_c, 0, 84, 0
2, 112899, Note_on_c, 0, 72, 0
2, 112900, Note_on_c, 0, 66, 0
2, 112900, Note_on_c, 0, 78, 0
2, 112903, Note_on_c, 0, 90, 0
2, 112911, Note_on_c, 0, 54, 0
2, 112911, Note_on_c, 0, 81, 0
2, 112919, Note_on_c, 0, 42, 0
2, 112919, Note_on_c, 0, 50, 0
2, 112919, Note_on_c, 0, 74, 0
2, 112919, Note_on_c, 0, 86, 0
2, 112924, Note_on_c, 0, 86, 105
2, 112925, Note_on_c, 0, 74, 108
2, 112926, Note_on_c, 0, 55, 102
2, 112928, Note_on_c, 0, 83, 103
2, 112929, Note_on_c, 0, 43, 89
2, 112929, Note_on_c, 0, 50, 84
2, 112930, Note_on_c, 0, 79, 98
2, 112988, Control_c, 0, 64, 127
2, 113168, Note_on_c, 0, 62, 77
2, 113174, Note_on_c, 0, 59, 74
2, 113272, Note_on_c, 0, 55, 0
2, 113283, Note_on_c, 0, 55, 80
2, 113402, Note_on_c, 0, 55, 0
2, 113402, Note_on_c, 0, 59, 0
2, 113402, Note_on_c, 0, 62, 0
2, 113407, Note_on_c, 0, 67, 92
2, 113409, Note_on_c, 0, 62, 94
2, 113411, Note_on_c, 0, 55, 84
2, 113411, Note_on_c, 0, 59, 87
2, 113518, Note_on_c, 0, 55, 0
2, 113524, Note_on_c, 0, 55, 86
2, 113648, Note_on_c, 0, 62, 0
2, 113648, Note_on_c, 0, 67, 0
2, 113648, Note_on_c, 0, 79, 0
2, 113654, Note_on_c, 0, 79, 107
2, 113656, Note_on_c, 0, 59, 0
2, 113658, Note_on_c, 0, 62, 84
2, 113659, Note_on_c, 0, 67, 104
2, 113662, Note_on_c, 0, 59, 76
2, 113748, Note_on_c, 0, 55, 0
2, 113759, Note_on_c, 0, 55, 87
2, 113873, Note_on_c, 0, 83, 0
2, 113873, Note_on_c, 0, 74, 0
2, 113873, Note_on_c, 0, 86, 0
2, 113873, Note_on_c, 0, 62, 0
2, 113873, Note_on_c, 0, 67, 0
2, 113874, Note_on_c, 0, 79, 0
2, 113874, Note_on_c, 0, 59, 0
2, 113874, Control_c, 0, 64, 0
2, 113879, Note_on_c, 0, 43, 0
2, 113886, Note_on_c, 0, 50, 0
2, 113886, Note_on_c, 0, 55, 0
2, 113909, Note_on_c, 0, 80, 110
2, 113914, Note_on_c, 0, 72, 99
2, 113915, Note_on_c, 0, 75, 95
2, 113915, Note_on_c, 0, 56, 101
2, 113917, Note_on_c, 0, 44, 95
2, 113918, Note_on_c, 0, 51, 90
2, 113955, Control_c, 0, 64, 127
2, 114147, Note_on_c, 0, 72, 0
2, 114152, Note_on_c, 0, 63, 96
2, 114154, Note_on_c, 0, 84, 103
2, 114155, Note_on_c, 0, 60, 90
2, 114158, Note_on_c, 0, 72, 103
2, 114278, Note_on_c, 0, 56, 0
2, 114283, Note_on_c, 0, 56, 82
2, 114408, Note_on_c, 0, 63, 0
2, 114408, Note_on_c, 0, 75, 0
2, 114413, Note_on_c, 0, 63, 96
2, 114413, Note_on_c, 0, 68, 101
2, 114413, Note_on_c, 0, 87, 109
2, 114416, Note_on_c, 0, 60, 0
2, 114416, Note_on_c, 0, 75, 96
2, 114421, Note_on_c, 0, 60, 73
2, 114451, Note_on_c, 0, 85, 45
2, 114531, Note_on_c, 0, 56, 0
2, 114536, Note_on_c, 0, 56, 76
2, 114647, Note_on_c, 0, 60, 0
2, 114647, Note_on_c, 0, 63, 0
2, 114647, Note_on_c, 0, 80, 0
2, 114652, Note_on_c, 0, 63, 89
2, 114652, Note_on_c, 0, 92, 111
2, 114655, Note_on_c, 0, 80, 110
2, 114657, Note_on_c, 0, 60, 77
2, 114754, Note_on_c, 0, 44, 0
2, 114754, Note_on_c, 0, 56, 0
2, 114758, Note_on_c, 0, 56, 87
2, 114763, Note_on_c, 0, 44, 67
2, 114866, Note_on_c, 0, 68, 0
2, 114866, Note_on_c, 0, 80, 0
2, 114866, Note_on_c, 0, 56, 0
2, 114866, Note_on_c, 0, 44, 0
2, 114867, Control_c, 0, 64, 0
2, 114867, Note_on_c, 0, 72, 0
2, 114867, Note_on_c, 0, 92, 0
2, 114877, Note_on_c, 0, 85, 0
2, 114885, Note_on_c, 0, 60, 0
2, 114885, Note_on_c, 0, 63, 0
2, 114885, Note_on_c, 0, 75, 0
2, 114892, Note_on_c, 0, 51, 0
2, 114892, Note_on_c, 0, 84, 0
2, 114892, Note_on_c, 0, 87, 0
2, 114896, Note_on_c, 0, 84, 100
2, 114897, Note_on_c, 0, 91, 115
2, 114897, Note_on_c, 0, 79, 110
2, 114902, Note_on_c, 0, 87, 97
2, 114903, Note_on_c, 0, 43, 99
2, 114903, Note_on_c, 0, 51, 93
2, 114904, Note_on_c, 0, 55, 99
2, 114954, Control_c, 0, 64, 127
2, 115140, Note_on_c, 0, 60, 80
2, 115141, Note_on_c, 0, 63, 81
2, 115253, Note_on_c, 0, 55, 0
2, 115265, Note_on_c, 0, 55, 86
2, 115376, Note_on_c, 0, 63, 0
2, 115384, Note_on_c, 0, 60, 0
2, 115387, Note_on_c, 0, 63, 92
2, 115389, Note_on_c, 0, 67, 89
2, 115392, Note_on_c, 0, 48, 67
2, 115393, Note_on_c, 0, 60, 70
2, 115499, Note_on_c, 0, 55, 0
2, 115506, Note_on_c, 0, 55, 75
2, 115607, Note_on_c, 0, 63, 0
2, 115607, Note_on_c, 0, 91, 0
2, 115614, Note_on_c, 0, 60, 0
2, 115614, Note_on_c, 0, 79, 0
2, 115614, Note_on_c, 0, 91, 110
2, 115616, Note_on_c, 0, 63, 96
2, 115619, Note_on_c, 0, 79, 107
2, 115620, Note_on_c, 0, 60, 82
2, 115706, Note_on_c, 0, 55, 0
2, 115717, Note_on_c, 0, 55, 80
2, 115824, Note_on_c, 0, 51, 0
2, 115825, Note_on_c, 0, 79, 0
2, 115825, Control_c, 0, 64, 0
2, 115825, Note_on_c, 0, 91, 0
2, 115825, Note_on_c, 0, 60, 0
2, 115825, Note_on_c, 0, 67, 0
2, 115825, Note_on_c, 0, 63, 0
2, 115825, Note_on_c, 0, 84, 0
2, 115826, Note_on_c, 0, 87, 0
2, 115837, Note_on_c, 0, 48, 0
2, 115845, Note_on_c, 0, 43, 0
2, 115845, Note_on_c, 0, 55, 0
2, 115865, Note_on_c, 0, 90, 114
2, 115865, Note_on_c, 0, 81, 106
2, 115867, Note_on_c, 0, 78, 113
2, 115871, Note_on_c, 0, 50, 78
2, 115873, Note_on_c, 0, 42, 93
2, 115877, Note_on_c, 0, 86, 91
2, 115878, Note_on_c, 0, 54, 93
2, 115906, Control_c, 0, 64, 127
2, 116108, Note_on_c, 0, 87, 103
2, 116111, Note_on_c, 0, 75, 101
2, 116344, Note_on_c, 0, 86, 0
2, 116348, Note_on_c, 0, 66, 99
2, 116351, Note_on_c, 0, 86, 103
2, 116355, Note_on_c, 0, 74, 106
2, 116355, Note_on_c, 0, 62, 95
2, 116358, Note_on_c, 0, 57, 90
2, 116604, Note_on_c, 0, 84, 104
2, 116607, Note_on_c, 0, 72, 100
2, 116636, Note_on_c, 0, 79, 51
2, 116643, Note_on_c, 0, 79, 0
2, 116843, Note_on_c, 0, 86, 0
2, 116851, Note_on_c, 0, 50, 0
2, 116851, Note_on_c, 0, 74, 0
2, 116851, Note_on_c, 0, 90, 0
2, 116853, Note_on_c, 0, 84, 0
2, 116853, Note_on_c, 0, 75, 0
2, 116853, Note_on_c, 0, 62, 0
2, 116853, Note_on_c, 0, 87, 0
2, 116853, Control_c, 0, 64, 0
2, 116853, Note_on_c, 0, 86, 104
2, 116853, Note_on_c, 0, 81, 0
2, 116853, Note_on_c, 0, 78, 0
2, 116854, Note_on_c, 0, 66, 0
2, 116854, Note_on_c, 0, 72, 0
2, 116854, Note_on_c, 0, 57, 0
2, 116855, Note_on_c, 0, 83, 96
2, 116856, Note_on_c, 0, 74, 100
2, 116856, Note_on_c, 0, 79, 100
2, 116857, Note_on_c, 0, 50, 67
2, 116858, Note_on_c, 0, 43, 74
2, 116858, Note_on_c, 0, 42, 0
2, 116862, Note_on_c, 0, 59, 87
2, 116866, Note_on_c, 0, 54, 0
2, 116981, Control_c, 0, 64, 127
2, 117381, Note_on_c, 0, 74, 0
2, 117387, Note_on_c, 0, 74, 104
2, 117405, Note_on_c, 0, 79, 0
2, 117405, Note_on_c, 0, 86, 0
2, 117407, Note_on_c, 0, 83, 0
2, 117408, Control_c, 0, 64, 0
2, 117411, Note_on_c, 0, 59, 0
2, 117480, Control_c, 0, 64, 127
2, 117749, Note_on_c, 0, 74, 0
2, 117755, Note_on_c, 0, 74, 96
2, 117903, Note_on_c, 0, 74, 0
2, 117907, Note_on_c, 0, 74, 95
2, 117912, Note_on_c, 0, 39, 74
2, 117969, Note_on_c, 0, 46, 61
2, 117980, Note_on_c, 0, 67, 72
2, 118007, Note_on_c, 0, 55, 62
2, 118033, Note_on_c, 0, 50, 0
2, 118037, Note_on_c, 0, 63, 81
2, 118156, Note_on_c, 0, 39, 0
2, 118156, Note_on_c, 0, 67, 0
2, 118159, Note_on_c, 0, 65, 69
2, 118160, Note_on_c, 0, 67, 80
2, 118161, Note_on_c, 0, 39, 69
2, 118164, Note_on_c, 0, 65, 0
2, 118248, Note_on_c, 0, 46, 0
2, 118256, Note_on_c, 0, 46, 43
2, 118264, Note_on_c, 0, 55, 0
2, 118273, Note_on_c, 0, 55, 61
2, 118279, Note_on_c, 0, 63, 0
2, 118284, Note_on_c, 0, 63, 67
2, 118356, Note_on_c, 0, 55, 0
2, 118356, Note_on_c, 0, 67, 0
2, 118364, Note_on_c, 0, 67, 71
2, 118366, Note_on_c, 0, 55, 69
2, 118405, Note_on_c, 0, 72, 105
2, 118410, Note_on_c, 0, 39, 0
2, 118421, Note_on_c, 0, 39, 75
2, 118423, Control_c, 0, 64, 0
2, 118428, Note_on_c, 0, 46, 0
2, 118429, Note_on_c, 0, 63, 0
2, 118440, Note_on_c, 0, 43, 0
2, 118448, Note_on_c, 0, 74, 0
2, 118471, Note_on_c, 0, 67, 0
2, 118476, Note_on_c, 0, 67, 68
2, 118494, Control_c, 0, 64, 127
2, 118529, Note_on_c, 0, 63, 80
2, 118548, Note_on_c, 0, 58, 54
2, 118552, Note_on_c, 0, 46, 50
2, 118556, Note_on_c, 0, 58, 0
2, 118571, Note_on_c, 0, 55, 0
2, 118582, Note_on_c, 0, 55, 68
2, 118679, Note_on_c, 0, 67, 0
2, 118682, Note_on_c, 0, 58, 69
2, 118684, Note_on_c, 0, 67, 81
2, 118740, Note_on_c, 0, 63, 0
2, 118749, Note_on_c, 0, 63, 80
2, 118786, Note_on_c, 0, 55, 0
2, 118792, Note_on_c, 0, 55, 76
2, 118794, Note_on_c, 0, 46, 0
2, 118801, Note_on_c, 0, 67, 0
2, 118803, Note_on_c, 0, 46, 64
2, 118811, Note_on_c, 0, 67, 86
2, 118905, Note_on_c, 0, 72, 0
2, 118906, Note_on_c, 0, 63, 0
2, 118908, Control_c, 0, 64, 0
2, 118909, Note_on_c, 0, 67, 0
2, 118915, Note_on_c, 0, 67, 107
2, 118917, Note_on_c, 0, 39, 0
2, 118920, Note_on_c, 0, 41, 79
2, 118924, Note_on_c, 0, 55, 0
2, 118932, Note_on_c, 0, 46, 0
2, 118932, Note_on_c, 0, 58, 0
2, 118986, Control_c, 0, 64, 127
2, 119003, Note_on_c, 0, 65, 75
2, 119032, Note_on_c, 0, 67, 0
2, 119043, Note_on_c, 0, 48, 60
2, 119043, Note_on_c, 0, 60, 81
2, 119073, Note_on_c, 0, 57, 64
2, 119116, Note_on_c, 0, 65, 0
2, 119126, Note_on_c, 0, 65, 74
2, 119170, Note_on_c, 0, 60, 0
2, 119178, Note_on_c, 0, 41, 0
2, 119181, Note_on_c, 0, 60, 60
2, 119188, Note_on_c, 0, 41, 72
2, 119278, Note_on_c, 0, 60, 0
2, 119285, Note_on_c, 0, 60, 68
2, 119293, Note_on_c, 0, 65, 0
2, 119296, Note_on_c, 0, 69, 70
2, 119303, Note_on_c, 0, 65, 73
2, 119308, Note_on_c, 0, 57, 0
2, 119347, Note_on_c, 0, 69, 0
2, 119352, Note_on_c, 0, 69, 49
2, 119419, Note_on_c, 0, 72, 106
2, 119424, Note_on_c, 0, 41, 0
2, 119434, Note_on_c, 0, 41, 71
2, 119441, Note_on_c, 0, 48, 0
2, 119442, Control_c, 0, 64, 0
2, 119462, Note_on_c, 0, 60, 0
2, 119462, Note_on_c, 0, 65, 0
2, 119462, Note_on_c, 0, 69, 0
2, 119489, Note_on_c, 0, 69, 59
2, 119490, Note_on_c, 0, 65, 84
2, 119516, Control_c, 0, 64, 127
2, 119554, Note_on_c, 0, 48, 61
2, 119568, Note_on_c, 0, 60, 72
2, 119569, Note_on_c, 0, 57, 66
2, 119685, Note_on_c, 0, 41, 0
2, 119691, Note_on_c, 0, 41, 65
2, 119769, Note_on_c, 0, 60, 0
2, 119776, Note_on_c, 0, 60, 72
2, 119808, Note_on_c, 0, 57, 0
2, 119814, Note_on_c, 0, 57, 51
2, 119838, Note_on_c, 0, 65, 0
2, 119847, Note_on_c, 0, 65, 74
2, 119911, Note_on_c, 0, 41, 0
2, 119911, Control_c, 0, 64, 0
2, 119911, Note_on_c, 0, 72, 0
2, 119911, Note_on_c, 0, 48, 0
2, 119911, Note_on_c, 0, 57, 0
2, 119911, Note_on_c, 0, 60, 0
2, 119911, Note_on_c, 0, 65, 0
2, 119923, Note_on_c, 0, 69, 0
2, 119941, Note_on_c, 0, 70, 107
2, 119942, Note_on_c, 0, 43, 82
2, 119992, Control_c, 0, 64, 127
2, 120004, Note_on_c, 0, 67, 86
2, 120057, Note_on_c, 0, 50, 65
2, 120058, Note_on_c, 0, 62, 81
2, 120064, Note_on_c, 0, 58, 73
2, 120122, Note_on_c, 0, 67, 0
2, 120126, Note_on_c, 0, 67, 84
2, 120192, Note_on_c, 0, 43, 0
2, 120192, Note_on_c, 0, 58, 0
2, 120196, Note_on_c, 0, 58, 63
2, 120198, Note_on_c, 0, 43, 74
2, 120238, Note_on_c, 0, 67, 0
2, 120248, Note_on_c, 0, 67, 79
2, 120307, Note_on_c, 0, 58, 0
2, 120307, Note_on_c, 0, 62, 0
2, 120315, Note_on_c, 0, 62, 80
2, 120318, Note_on_c, 0, 58, 65
2, 120368, Note_on_c, 0, 67, 0
2, 120376, Note_on_c, 0, 67, 78
2, 120453, Note_on_c, 0, 43, 0
2, 120453, Note_on_c, 0, 67, 0
2, 120458, Note_on_c, 0, 43, 83
2, 120463, Note_on_c, 0, 67, 93
2, 120545, Note_on_c, 0, 62, 0
2, 120549, Note_on_c, 0, 62, 72
2, 120560, Note_on_c, 0, 58, 0
2, 120567, Note_on_c, 0, 58, 76
2, 120606, Note_on_c, 0, 67, 0
2, 120611, Note_on_c, 0, 67, 87
2, 120702, Note_on_c, 0, 67, 0
2, 120702, Note_on_c, 0, 70, 0
2, 120702, Note_on_c, 0, 58, 0
2, 120704, Control_c, 0, 64, 0
2, 120706, Note_on_c, 0, 43, 0
2, 120716, Note_on_c, 0, 43, 67
2, 120721, Note_on_c, 0, 69, 106
2, 120744, Note_on_c, 0, 62, 0
2, 120775, Control_c, 0, 64, 127
2, 120837, Note_on_c, 0, 43, 0
2, 120843, Note_on_c, 0, 70, 106
2, 120844, Note_on_c, 0, 43, 64
2, 120849, Note_on_c, 0, 58, 84
2, 120967, Note_on_c, 0, 43, 0
2, 120974, Note_on_c, 0, 43, 72
2, 121040, Note_on_c, 0, 67, 84
2, 121090, Note_on_c, 0, 58, 0
2, 121094, Note_on_c, 0, 58, 68
2, 121097, Note_on_c, 0, 62, 75
2, 121159, Note_on_c, 0, 67, 0
2, 121164, Note_on_c, 0, 67, 81
2, 121213, Note_on_c, 0, 43, 0
2, 121213, Note_on_c, 0, 58, 0
2, 121218, Note_on_c, 0, 58, 65
2, 121222, Note_on_c, 0, 43, 75
2, 121259, Note_on_c, 0, 67, 0
2, 121267, Note_on_c, 0, 67, 85
2, 121305, Note_on_c, 0, 62, 0
2, 121316, Note_on_c, 0, 62, 78
2, 121336, Note_on_c, 0, 58, 0
2, 121347, Note_on_c, 0, 58, 75
2, 121447, Note_on_c, 0, 74, 112
2, 121455, Note_on_c, 0, 67, 0
2, 121455, Note_on_c, 0, 70, 0
2, 121455, Control_c, 0, 64, 0
2, 121455, Note_on_c, 0, 58, 0
2, 121456, Note_on_c, 0, 41, 76
2, 121459, Note_on_c, 0, 69, 0
2, 121474, Note_on_c, 0, 43, 0
2, 121474, Note_on_c, 0, 62, 0
2, 121482, Note_on_c, 0, 50, 0
2, 121494, Note_on_c, 0, 69, 74
2, 121536, Control_c, 0, 64, 127
2, 121570, Note_on_c, 0, 65, 83
2, 121571, Note_on_c, 0, 48, 57
2, 121603, Note_on_c, 0, 57, 67
2, 121628, Note_on_c, 0, 69, 0
2, 121638, Note_on_c, 0, 69, 90
2, 121702, Note_on_c, 0, 60, 50
2, 121712, Note_on_c, 0, 41, 0
2, 121712, Note_on_c, 0, 60, 0
2, 121719, Note_on_c, 0, 41, 75
2, 121812, Note_on_c, 0, 74, 0
2, 121818, Note_on_c, 0, 74, 101
2, 121820, Note_on_c, 0, 48, 0
2, 121820, Note_on_c, 0, 65, 0
2, 121826, Note_on_c, 0, 65, 90
2, 121827, Note_on_c, 0, 48, 63
2, 121830, Note_on_c, 0, 69, 0
2, 121843, Note_on_c, 0, 57, 0
2, 121854, Note_on_c, 0, 57, 77
2, 121950, Note_on_c, 0, 74, 0
2, 121953, Note_on_c, 0, 41, 0
2, 121953, Note_on_c, 0, 48, 0
2, 121954, Note_on_c, 0, 65, 0
2, 121954, Note_on_c, 0, 57, 0
2, 121955, Control_c, 0, 64, 0
2, 121961, Note_on_c, 0, 74, 105
2, 121964, Note_on_c, 0, 39, 83
2, 122017, Note_on_c, 0, 67, 78
2, 122017, Note_on_c, 0, 46, 67
2, 122042, Control_c, 0, 64, 127
2, 122091, Note_on_c, 0, 63, 87
2, 122204, Note_on_c, 0, 39, 0
2, 122214, Note_on_c, 0, 39, 69
2, 122242, Note_on_c, 0, 67, 0
2, 122252, Note_on_c, 0, 67, 89
2, 122326, Note_on_c, 0, 55, 61
2, 122327, Note_on_c, 0, 63, 0
2, 122336, Note_on_c, 0, 63, 86
2, 122388, Note_on_c, 0, 67, 0
2, 122396, Note_on_c, 0, 67, 86
2, 122457, Note_on_c, 0, 39, 0
2, 122457, Note_on_c, 0, 46, 0
2, 122459, Note_on_c, 0, 74, 0
2, 122460, Note_on_c, 0, 63, 0
2, 122461, Note_on_c, 0, 39, 82
2, 122462, Note_on_c, 0, 72, 107
2, 122463, Control_c, 0, 64, 0
2, 122472, Note_on_c, 0, 55, 0
2, 122519, Note_on_c, 0, 67, 0
2, 122528, Note_on_c, 0, 67, 78
2, 122534, Control_c, 0, 64, 127
2, 122562, Note_on_c, 0, 46, 59
2, 122575, Note_on_c, 0, 55, 77
2, 122585, Note_on_c, 0, 63, 83
2, 122591, Note_on_c, 0, 51, 74
2, 122595, Note_on_c, 0, 51, 0
2, 122634, Note_on_c, 0, 67, 0
2, 122645, Note_on_c, 0, 67, 89
2, 122703, Note_on_c, 0, 39, 0
2, 122714, Note_on_c, 0, 39, 81
2, 122757, Note_on_c, 0, 67, 0
2, 122763, Note_on_c, 0, 67, 90
2, 122764, Note_on_c, 0, 55, 0
2, 122769, Note_on_c, 0, 55, 83
2, 122787, Note_on_c, 0, 46, 0
2, 122793, Note_on_c, 0, 46, 70
2, 122833, Note_on_c, 0, 63, 0
2, 122838, Note_on_c, 0, 63, 87
2, 122944, Note_on_c, 0, 67, 0
2, 122944, Note_on_c, 0, 46, 0
2, 122945, Note_on_c, 0, 72, 0
2, 122946, Note_on_c, 0, 63, 0
2, 122949, Note_on_c, 0, 55, 0
2, 122949, Control_c, 0, 64, 0
2, 122956, Note_on_c, 0, 39, 0
2, 122957, Note_on_c, 0, 71, 101
2, 122958, Note_on_c, 0, 38, 89
2, 123011, Note_on_c, 0, 38, 0
2, 123032, Note_on_c, 0, 66, 92
2, 123033, Note_on_c, 0, 45, 63
2, 123041, Control_c, 0, 64, 127
2, 123088, Note_on_c, 0, 42, 71
2, 123090, Note_on_c, 0, 62, 84
2, 123171, Note_on_c, 0, 66, 0
2, 123183, Note_on_c, 0, 66, 85
2, 123215, Note_on_c, 0, 38, 79
2, 123264, Note_on_c, 0, 45, 0
2, 123264, Note_on_c, 0, 66, 0
2, 123268, Note_on_c, 0, 66, 96
2, 123273, Note_on_c, 0, 45, 67
2, 123333, Note_on_c, 0, 62, 0
2, 123344, Note_on_c, 0, 62, 79
2, 123409, Note_on_c, 0, 66, 0
2, 123414, Note_on_c, 0, 66, 89
2, 123456, Note_on_c, 0, 38, 0
2, 123461, Control_c, 0, 64, 0
2, 123461, Note_on_c, 0, 66, 0
2, 123462, Note_on_c, 0, 45, 0
2, 123462, Note_on_c, 0, 71, 0
2, 123463, Note_on_c, 0, 42, 0
2, 123467, Note_on_c, 0, 42, 88
2, 123467, Note_on_c, 0, 72, 108
2, 123479, Note_on_c, 0, 62, 0
2, 123534, Note_on_c, 0, 66, 86
2, 123535, Note_on_c, 0, 50, 47
2, 123540, Note_on_c, 0, 50, 0
2, 123548, Control_c, 0, 64, 127
2, 123581, Note_on_c, 0, 57, 81
2, 123621, Note_on_c, 0, 62, 82
2, 123686, Note_on_c, 0, 66, 0
2, 123690, Note_on_c, 0, 66, 64
2, 123732, Note_on_c, 0, 42, 0
2, 123737, Note_on_c, 0, 42, 82
2, 123763, Note_on_c, 0, 66, 0
2, 123774, Note_on_c, 0, 66, 94
2, 123840, Note_on_c, 0, 57, 0
2, 123847, Note_on_c, 0, 62, 0
2, 123847, Note_on_c, 0, 57, 74
2, 123852, Note_on_c, 0, 62, 82
2, 123901, Note_on_c, 0, 66, 0
2, 123912, Note_on_c, 0, 66, 86
2, 123959, Note_on_c, 0, 66, 0
2, 123959, Control_c, 0, 64, 0
2, 123959, Note_on_c, 0, 62, 0
2, 123960, Note_on_c, 0, 72, 0
2, 123960, Note_on_c, 0, 57, 0
2, 123970, Note_on_c, 0, 42, 0
2, 123989, Note_on_c, 0, 43, 82
2, 123990, Note_on_c, 0, 75, 106
2, 124039, Control_c, 0, 64, 127
2, 124051, Note_on_c, 0, 71, 81
2, 124101, Note_on_c, 0, 43, 0
2, 124106, Note_on_c, 0, 65, 85
2, 124109, Note_on_c, 0, 43, 72
2, 124120, Note_on_c, 0, 59, 81
2, 124247, Note_on_c, 0, 43, 0
2, 124252, Note_on_c, 0, 43, 80
2, 124331, Note_on_c, 0, 65, 0
2, 124341, Note_on_c, 0, 65, 83
2, 124392, Note_on_c, 0, 59, 0
2, 124392, Note_on_c, 0, 71, 0
2, 124400, Note_on_c, 0, 59, 72
2, 124400, Note_on_c, 0, 71, 77
2, 124485, Note_on_c, 0, 71, 0
2, 124492, Note_on_c, 0, 43, 0
2, 124494, Note_on_c, 0, 71, 91
2, 124496, Note_on_c, 0, 43, 89
2, 124623, Note_on_c, 0, 65, 0
2, 124625, Note_on_c, 0, 77, 106
2, 124627, Note_on_c, 0, 65, 105
2, 124627, Note_on_c, 0, 50, 68
2, 124692, Note_on_c, 0, 59, 0
2, 124692, Note_on_c, 0, 71, 0
2, 124698, Note_on_c, 0, 71, 73
2, 124703, Note_on_c, 0, 59, 78
2, 124723, Note_on_c, 0, 75, 0
2, 124727, Note_on_c, 0, 75, 75
2, 124754, Note_on_c, 0, 63, 94
2, 124844, Note_on_c, 0, 50, 0
2, 124845, Note_on_c, 0, 71, 0
2, 124845, Note_on_c, 0, 63, 0
2, 124846, Note_on_c, 0, 65, 0
2, 124846, Note_on_c, 0, 77, 0
2, 124846, Note_on_c, 0, 43, 0
2, 124847, Note_on_c, 0, 75, 0
2, 124848, Control_c, 0, 64, 0
2, 124861, Note_on_c, 0, 59, 0
2, 124871, Note_on_c, 0, 62, 112
2, 124871, Note_on_c, 0, 74, 114
2, 124877, Note_on_c, 0, 29, 89
2, 124877, Note_on_c, 0, 41, 95
2, 124880, Note_on_c, 0, 68, 98
2, 124884, Note_on_c, 0, 29, 0
2, 124938, Control_c, 0, 64, 127
2, 124984, Note_on_c, 0, 68, 0
2, 124992, Note_on_c, 0, 70, 92
2, 124993, Note_on_c, 0, 68, 83
2, 125068, Note_on_c, 0, 74, 0
2, 125074, Note_on_c, 0, 74, 90
2, 125129, Note_on_c, 0, 77, 94
2, 125189, Note_on_c, 0, 82, 95
2, 125207, Note_on_c, 0, 62, 0
2, 125211, Note_on_c, 0, 70, 0
2, 125211, Note_on_c, 0, 74, 0
2, 125211, Note_on_c, 0, 68, 0
2, 125213, Note_on_c, 0, 77, 0
2, 125214, Control_c, 0, 64, 0
2, 125222, Note_on_c, 0, 41, 0
2, 125224, Note_on_c, 0, 86, 108
2, 125226, Note_on_c, 0, 46, 94
2, 125230, Note_on_c, 0, 83, 90
2, 125260, Note_on_c, 0, 82, 0
2, 125291, Note_on_c, 0, 46, 0
2, 125291, Control_c, 0, 64, 127
2, 125356, Note_on_c, 0, 34, 95
2, 125406, Note_on_c, 0, 83, 0
2, 125484, Note_on_c, 0, 70, 110
2, 125606, Note_on_c, 0, 46, 88
2, 125629, Note_on_c, 0, 34, 0
2, 125690, Note_on_c, 0, 86, 0
2, 125718, Note_on_c, 0, 77, 107
2, 125718, Note_on_c, 0, 65, 108
2, 125720, Note_on_c, 0, 62, 101
2, 125723, Note_on_c, 0, 53, 97
2, 125735, Note_on_c, 0, 58, 88
2, 125821, Note_on_c, 0, 70, 0
2, 125823, Note_on_c, 0, 72, 97
2, 125831, Note_on_c, 0, 70, 68
2, 125865, Note_on_c, 0, 74, 80
2, 125933, Note_on_c, 0, 75, 71
2, 125940, Control_c, 0, 64, 0
2, 125941, Note_on_c, 0, 46, 0
2, 125941, Note_on_c, 0, 53, 0
2, 125941, Note_on_c, 0, 62, 0
2, 125941, Note_on_c, 0, 65, 0
2, 125941, Note_on_c, 0, 72, 0
2, 125941, Note_on_c, 0, 58, 0
2, 125942, Note_on_c, 0, 74, 0
2, 125959, Note_on_c, 0, 75, 0
2, 125959, Note_on_c, 0, 77, 0
2, 125967, Note_on_c, 0, 70, 0
2, 125971, Note_on_c, 0, 77, 109
2, 125977, Note_on_c, 0, 67, 109
2, 125978, Note_on_c, 0, 70, 104
2, 125984, Note_on_c, 0, 39, 102
2, 125986, Note_on_c, 0, 75, 82
2, 126021, Control_c, 0, 64, 127
2, 126082, Note_on_c, 0, 75, 0
2, 126084, Note_on_c, 0, 51, 90
2, 126205, Note_on_c, 0, 51, 0
2, 126211, Note_on_c, 0, 51, 76
2, 126213, Note_on_c, 0, 79, 105
2, 126215, Note_on_c, 0, 63, 91
2, 126216, Note_on_c, 0, 55, 91
2, 126220, Note_on_c, 0, 67, 0
2, 126221, Note_on_c, 0, 58, 86
2, 126226, Note_on_c, 0, 67, 80
2, 126251, Note_on_c, 0, 77, 0
2, 126253, Control_c, 0, 64, 0
2, 126255, Note_on_c, 0, 67, 0
2, 126258, Note_on_c, 0, 63, 0
2, 126258, Note_on_c, 0, 51, 0
2, 126266, Note_on_c, 0, 39, 0
2, 126266, Note_on_c, 0, 70, 0
2, 126282, Note_on_c, 0, 58, 0
2, 126289, Note_on_c, 0, 55, 0
2, 126320, Note_on_c, 0, 79, 0
2, 126345, Note_on_c, 0, 75, 107
2, 126347, Note_on_c, 0, 67, 99
2, 126347, Note_on_c, 0, 70, 100
2, 126352, Note_on_c, 0, 39, 85
2, 126435, Control_c, 0, 64, 127
2, 126589, Note_on_c, 0, 39, 0
2, 126595, Note_on_c, 0, 39, 87
2, 126600, Note_on_c, 0, 74, 102
2, 126717, Note_on_c, 0, 63, 95
2, 126718, Note_on_c, 0, 51, 79
2, 126722, Note_on_c, 0, 58, 88
2, 126745, Note_on_c, 0, 55, 78
2, 126850, Note_on_c, 0, 74, 0
2, 126860, Note_on_c, 0, 74, 108
2, 126931, Control_c, 0, 64, 0
2, 126931, Note_on_c, 0, 67, 0
2, 126931, Note_on_c, 0, 55, 0
2, 126932, Note_on_c, 0, 63, 0
2, 126932, Note_on_c, 0, 58, 0
2, 126932, Note_on_c, 0, 70, 0
2, 126933, Note_on_c, 0, 75, 0
2, 126933, Note_on_c, 0, 74, 0
2, 126950, Note_on_c, 0, 39, 0
2, 126950, Note_on_c, 0, 51, 0
2, 126975, Note_on_c, 0, 75, 108
2, 126982, Note_on_c, 0, 38, 93
2, 126983, Note_on_c, 0, 66, 105
2, 126985, Note_on_c, 0, 69, 92
2, 127019, Control_c, 0, 64, 127
2, 127083, Note_on_c, 0, 50, 81
2, 127225, Note_on_c, 0, 77, 103
2, 127227, Note_on_c, 0, 62, 90
2, 127230, Note_on_c, 0, 54, 86
2, 127276, Note_on_c, 0, 50, 0
2, 127277, Note_on_c, 0, 66, 0
2, 127278, Control_c, 0, 64, 0
2, 127278, Note_on_c, 0, 62, 0
2, 127282, Note_on_c, 0, 75, 0
2, 127283, Note_on_c, 0, 54, 0
2, 127284, Note_on_c, 0, 77, 0
2, 127288, Note_on_c, 0, 38, 0
2, 127311, Note_on_c, 0, 69, 0
2, 127358, Note_on_c, 0, 74, 107
2, 127361, Note_on_c, 0, 66, 98
2, 127362, Note_on_c, 0, 69, 91
2, 127362, Note_on_c, 0, 38, 85
2, 127388, Control_c, 0, 64, 127
2, 127587, Note_on_c, 0, 38, 0
2, 127587, Note_on_c, 0, 66, 0
2, 127597, Note_on_c, 0, 38, 99
2, 127598, Note_on_c, 0, 66, 78
2, 127599, Note_on_c, 0, 26, 92
2, 127600, Note_on_c, 0, 72, 101
2, 127603, Note_on_c, 0, 26, 0
2, 127730, Note_on_c, 0, 62, 92
2, 127737, Note_on_c, 0, 54, 90
2, 127841, Note_on_c, 0, 72, 0
2, 127848, Note_on_c, 0, 54, 0
2, 127851, Note_on_c, 0, 72, 105
2, 127854, Note_on_c, 0, 54, 75
2, 127943, Note_on_c, 0, 62, 0
2, 127943, Note_on_c, 0, 54, 0
2, 127943, Note_on_c, 0, 74, 0
2, 127943, Note_on_c, 0, 66, 0
2, 127944, Control_c, 0, 64, 0
2, 127948, Note_on_c, 0, 69, 0
2, 127964, Note_on_c, 0, 38, 0
2, 127964, Note_on_c, 0, 72, 0
2, 127968, Note_on_c, 0, 72, 101
2, 127972, Note_on_c, 0, 62, 98
2, 127974, Note_on_c, 0, 67, 100
2, 127975, Note_on_c, 0, 43, 96
2, 127976, Note_on_c, 0, 55, 103
2, 128007, Note_on_c, 0, 55, 0
2, 128040, Control_c, 0, 64, 127
2, 128116, Note_on_c, 0, 50, 80
2, 128209, Note_on_c, 0, 70, 102
2, 128225, Note_on_c, 0, 43, 0
2, 128228, Note_on_c, 0, 55, 91
2, 128232, Note_on_c, 0, 43, 76
2, 128330, Note_on_c, 0, 72, 0
2, 128330, Note_on_c, 0, 55, 0
2, 128331, Note_on_c, 0, 43, 0
2, 128332, Note_on_c, 0, 70, 0
2, 128336, Control_c, 0, 64, 0
2, 128340, Note_on_c, 0, 67, 0
2, 128343, Note_on_c, 0, 81, 112
2, 128346, Note_on_c, 0, 69, 108
2, 128347, Note_on_c, 0, 74, 106
2, 128348, Note_on_c, 0, 62, 0
2, 128352, Note_on_c, 0, 78, 95
2, 128352, Note_on_c, 0, 42, 99
2, 128352, Note_on_c, 0, 54, 99
2, 128355, Note_on_c, 0, 50, 0
2, 128424, Control_c, 0, 64, 127
2, 128590, Note_on_c, 0, 50, 85
2, 128592, Note_on_c, 0, 82, 111
2, 128603, Note_on_c, 0, 70, 103
2, 128616, Note_on_c, 0, 78, 0
2, 128628, Note_on_c, 0, 78, 67
2, 128709, Note_on_c, 0, 54, 0
2, 128719, Note_on_c, 0, 54, 90
2, 128839, Note_on_c, 0, 74, 0
2, 128842, Note_on_c, 0, 84, 115
2, 128846, Note_on_c, 0, 74, 110
2, 128847, Note_on_c, 0, 41, 104
2, 128848, Note_on_c, 0, 77, 106
2, 128850, Note_on_c, 0, 53, 102
2, 128885, Note_on_c, 0, 42, 0
2, 128885, Note_on_c, 0, 78, 0
2, 128886, Control_c, 0, 64, 0
2, 128886, Note_on_c, 0, 50, 0
2, 128886, Note_on_c, 0, 82, 0
2, 128886, Note_on_c, 0, 81, 0
2, 128888, Note_on_c, 0, 69, 0
2, 128888, Note_on_c, 0, 70, 0
2, 128901, Note_on_c, 0, 54, 0
2, 129047, Control_c, 0, 64, 127
2, 129109, Note_on_c, 0, 50, 86
2, 129216, Note_on_c, 0, 41, 0
2, 129216, Note_on_c, 0, 53, 0
2, 129219, Note_on_c, 0, 82, 106
2, 129220, Note_on_c, 0, 53, 87
2, 129222, Note_on_c, 0, 70, 107
2, 129224, Note_on_c, 0, 41, 76
2, 129277, Note_on_c, 0, 41, 0
2, 129278, Control_c, 0, 64, 0
2, 129280, Note_on_c, 0, 84, 0
2, 129280, Note_on_c, 0, 53, 0
2, 129280, Note_on_c, 0, 50, 0
2, 129280, Note_on_c, 0, 77, 0
2, 129284, Note_on_c, 0, 82, 0
2, 129288, Note_on_c, 0, 70, 0
2, 129292, Note_on_c, 0, 74, 0
2, 129342, Note_on_c, 0, 84, 111
2, 129343, Note_on_c, 0, 52, 103
2, 129343, Note_on_c, 0, 72, 107
2, 129344, Note_on_c, 0, 79, 100
2, 129345, Note_on_c, 0, 40, 103
2, 129345, Note_on_c, 0, 76, 101
2, 129392, Control_c, 0, 64, 127
2, 129589, Note_on_c, 0, 86, 109
2, 129589, Note_on_c, 0, 64, 108
2, 129593, Note_on_c, 0, 74, 110
2, 129597, Note_on_c, 0, 55, 99
2, 129598, Note_on_c, 0, 60, 91
2, 129840, Note_on_c, 0, 82, 110
2, 129842, Note_on_c, 0, 70, 102
2, 129908, Note_on_c, 0, 60, 0
2, 129909, Note_on_c, 0, 52, 0
2, 129909, Control_c, 0, 64, 0
2, 129909, Note_on_c, 0, 72, 0
2, 129910, Note_on_c, 0, 64, 0
2, 129910, Note_on_c, 0, 74, 0
2, 129910, Note_on_c, 0, 82, 0
2, 129910, Note_on_c, 0, 79, 0
2, 129910, Note_on_c, 0, 76, 0
2, 129910, Note_on_c, 0, 84, 0
2, 129910, Note_on_c, 0, 55, 0
2, 129910, Note_on_c, 0, 70, 0
2, 129911, Note_on_c, 0, 86, 0
2, 129922, Note_on_c, 0, 40, 0
2, 129964, Note_on_c, 0, 82, 114
2, 129967, Note_on_c, 0, 79, 105
2, 129970, Note_on_c, 0, 75, 102
2, 129971, Note_on_c, 0, 70, 110
2, 129972, Note_on_c, 0, 27, 85
2, 129972, Note_on_c, 0, 39, 96
2, 129976, Note_on_c, 0, 27, 0
2, 130007, Control_c, 0, 64, 127
2, 130193, Note_on_c, 0, 55, 92
2, 130214, Note_on_c, 0, 46, 73
2, 130218, Note_on_c, 0, 51, 67
2, 130314, Note_on_c, 0, 39, 0
2, 130322, Note_on_c, 0, 39, 77
2, 130323, Note_on_c, 0, 27, 66
2, 130329, Note_on_c, 0, 27, 0
2, 130477, Note_on_c, 0, 63, 93
2, 130552, Note_on_c, 0, 39, 0
2, 130563, Note_on_c, 0, 39, 80
2, 130563, Note_on_c, 0, 27, 82
2, 130567, Note_on_c, 0, 27, 0
2, 130588, Note_on_c, 0, 65, 92
2, 130698, Note_on_c, 0, 55, 0
2, 130705, Note_on_c, 0, 55, 100
2, 130705, Note_on_c, 0, 46, 0
2, 130706, Note_on_c, 0, 67, 96
2, 130710, Note_on_c, 0, 46, 90
2, 130715, Note_on_c, 0, 34, 77
2, 130721, Note_on_c, 0, 34, 0
2, 130806, Note_on_c, 0, 82, 0
2, 130807, Note_on_c, 0, 46, 0
2, 130807, Note_on_c, 0, 51, 0
2, 130808, Note_on_c, 0, 39, 0
2, 130808, Note_on_c, 0, 79, 0
2, 130808, Note_on_c, 0, 70, 0
2, 130808, Note_on_c, 0, 67, 0
2, 130808, Note_on_c, 0, 65, 0
2, 130808, Note_on_c, 0, 75, 0
2, 130809, Control_c, 0, 64, 0
2, 130821, Note_on_c, 0, 55, 0
2, 130821, Note_on_c, 0, 63, 0
2, 130821, Note_on_c, 0, 68, 113
2, 130831, Note_on_c, 0, 63, 92
2, 130838, Note_on_c, 0, 60, 84
2, 130838, Note_on_c, 0, 66, 87
2, 130841, Note_on_c, 0, 32, 80
2, 130845, Note_on_c, 0, 34, 77
2, 130913, Control_c, 0, 64, 127
2, 130920, Note_on_c, 0, 60, 0
2, 131089, Note_on_c, 0, 32, 0
2, 131094, Note_on_c, 0, 44, 83
2, 131095, Note_on_c, 0, 60, 73
2, 131097, Note_on_c, 0, 32, 71
2, 131205, Note_on_c, 0, 44, 0
2, 131212, Note_on_c, 0, 32, 0
2, 131214, Note_on_c, 0, 56, 97
2, 131216, Note_on_c, 0, 44, 95
2, 131217, Note_on_c, 0, 32, 87
2, 131217, Note_on_c, 0, 48, 87
2, 131218, Note_on_c, 0, 36, 82
2, 131219, Note_on_c, 0, 51, 88
2, 131228, Note_on_c, 0, 34, 0
2, 131228, Note_on_c, 0, 36, 0
2, 131343, Note_on_c, 0, 32, 0
2, 131343, Note_on_c, 0, 44, 0
2, 131353, Note_on_c, 0, 32, 74
2, 131353, Note_on_c, 0, 44, 95
2, 131612, Note_on_c, 0, 44, 0
2, 131614, Note_on_c, 0, 82, 105
2, 131615, Note_on_c, 0, 70, 102
2, 131618, Note_on_c, 0, 44, 89
2, 131726, Note_on_c, 0, 84, 109
2, 131727, Note_on_c, 0, 51, 0
2, 131736, Note_on_c, 0, 51, 87
2, 131737, Note_on_c, 0, 72, 106
2, 131742, Note_on_c, 0, 56, 0
2, 131747, Note_on_c, 0, 56, 69
2, 131842, Note_on_c, 0, 70, 0
2, 131842, Note_on_c, 0, 82, 0
2, 131846, Note_on_c, 0, 82, 105
2, 131851, Note_on_c, 0, 70, 103
2, 131925, Note_on_c, 0, 68, 0
2, 131925, Control_c, 0, 64, 0
2, 131926, Note_on_c, 0, 82, 0
2, 131926, Note_on_c, 0, 66, 0
2, 131926, Note_on_c, 0, 56, 0
2, 131927, Note_on_c, 0, 63, 0
2, 131927, Note_on_c, 0, 32, 0
2, 131928, Note_on_c, 0, 84, 0
2, 131928, Note_on_c, 0, 72, 0
2, 131934, Note_on_c, 0, 48, 0
2, 131942, Note_on_c, 0, 44, 0
2, 131942, Note_on_c, 0, 51, 0
2, 131942, Note_on_c, 0, 60, 0
2, 131942, Note_on_c, 0, 70, 0
2, 131966, Note_on_c, 0, 81, 115
2, 131972, Note_on_c, 0, 69, 112
2, 131973, Note_on_c, 0, 74, 108
2, 131973, Note_on_c, 0, 78, 104
2, 131976, Note_on_c, 0, 38, 89
2, 132034, Control_c, 0, 64, 127
2, 132107, Note_on_c, 0, 62, 95
2, 132110, Note_on_c, 0, 54, 91
2, 132112, Note_on_c, 0, 42, 80
2, 132222, Note_on_c, 0, 50, 94
2, 132326, Note_on_c, 0, 38, 0
2, 132331, Note_on_c, 0, 38, 100
2, 132464, Note_on_c, 0, 62, 0
2, 132469, Note_on_c, 0, 62, 96
2, 132472, Note_on_c, 0, 54, 0
2, 132472, Note_on_c, 0, 78, 0
2, 132476, Note_on_c, 0, 54, 88
2, 132476, Note_on_c, 0, 57, 90
2, 132477, Note_on_c, 0, 82, 110
2, 132480, Note_on_c, 0, 74, 0
2, 132483, Note_on_c, 0, 78, 91
2, 132485, Note_on_c, 0, 70, 104
2, 132486, Note_on_c, 0, 74, 90
2, 132695, Note_on_c, 0, 38, 0
2, 132702, Note_on_c, 0, 62, 0
2, 132704, Note_on_c, 0, 66, 88
2, 132705, Note_on_c, 0, 38, 92
2, 132707, Note_on_c, 0, 62, 70
2, 132840, Note_on_c, 0, 54, 0
2, 132840, Note_on_c, 0, 57, 0
2, 132840, Note_on_c, 0, 62, 0
2, 132846, Note_on_c, 0, 62, 97
2, 132847, Note_on_c, 0, 54, 75
2, 132850, Note_on_c, 0, 57, 87
2, 132993, Note_on_c, 0, 84, 114
2, 132994, Note_on_c, 0, 78, 0
2, 132994, Note_on_c, 0, 81, 0
2, 132998, Note_on_c, 0, 72, 113
2, 132999, Note_on_c, 0, 81, 106
2, 133003, Note_on_c, 0, 78, 107
2, 133129, Note_on_c, 0, 65, 106
2, 133368, Note_on_c, 0, 64, 84
2, 133416, Note_on_c, 0, 65, 0
2, 133423, Note_on_c, 0, 65, 75
2, 133425, Note_on_c, 0, 63, 90
2, 133489, Note_on_c, 0, 82, 0
2, 133489, Note_on_c, 0, 65, 0
2, 133489, Note_on_c, 0, 70, 0
2, 133489, Note_on_c, 0, 74, 0
2, 133489, Control_c, 0, 64, 0
2, 133489, Note_on_c, 0, 81, 0
2, 133489, Note_on_c, 0, 69, 0
2, 133490, Note_on_c, 0, 57, 0
2, 133490, Note_on_c, 0, 63, 0
2, 133490, Note_on_c, 0, 84, 0
2, 133490, Note_on_c, 0, 64, 0
2, 133490, Note_on_c, 0, 72, 0
2, 133490, Note_on_c, 0, 78, 0
2, 133493, Note_on_c, 0, 42, 0
2, 133493, Note_on_c, 0, 62, 0
2, 133500, Note_on_c, 0, 62, 110
2, 133501, Note_on_c, 0, 38, 0
2, 133501, Note_on_c, 0, 50, 0
2, 133501, Note_on_c, 0, 66, 0
2, 133509, Note_on_c, 0, 54, 0
2, 133570, Control_c, 0, 64, 127
2, 133600, Note_on_c, 0, 74, 76
2, 133645, Note_on_c, 0, 78, 85
2, 133674, Note_on_c, 0, 81, 92
2, 133754, Note_on_c, 0, 86, 84
2, 133803, Note_on_c, 0, 90, 81
2, 133849, Note_on_c, 0, 93, 64
2, 133880, Note_on_c, 0, 98, 88
2, 133989, Note_on_c, 0, 93, 0
2, 133990, Note_on_c, 0, 98, 0
2, 133991, Note_on_c, 0, 74, 0
2, 133991, Note_on_c, 0, 90, 0
2, 133992, Control_c, 0, 64, 0
2, 133992, Note_on_c, 0, 86, 0
2, 133992, Note_on_c, 0, 81, 0
2, 133993, Note_on_c, 0, 62, 0
2, 133994, Note_on_c, 0, 78, 0
2, 134010, Note_on_c, 0, 96, 88
2, 134014, Note_on_c, 0, 84, 91
2, 134014, Note_on_c, 0, 55, 84
2, 134018, Note_on_c, 0, 67, 83
2, 134077, Note_on_c, 0, 55, 0
2, 134085, Control_c, 0, 64, 127
2, 134137, Note_on_c, 0, 94, 84
2, 134161, Note_on_c, 0, 82, 58
2, 134254, Note_on_c, 0, 84, 0
2, 134259, Note_on_c, 0, 74, 66
2, 134261, Note_on_c, 0, 96, 0
2, 134264, Note_on_c, 0, 84, 81
2, 134265, Note_on_c, 0, 96, 87
2, 134282, Note_on_c, 0, 70, 58
2, 134361, Note_on_c, 0, 94, 0
2, 134367, Note_on_c, 0, 94, 84
2, 134376, Note_on_c, 0, 67, 0
2, 134387, Note_on_c, 0, 67, 69
2, 134492, Note_on_c, 0, 84, 0
2, 134492, Note_on_c, 0, 96, 0
2, 134502, Note_on_c, 0, 96, 87
2, 134503, Note_on_c, 0, 84, 80
2, 134515, Note_on_c, 0, 70, 0
2, 134515, Note_on_c, 0, 74, 0
2, 134519, Note_on_c, 0, 74, 56
2, 134520, Note_on_c, 0, 70, 64
2, 134607, Note_on_c, 0, 94, 0
2, 134616, Note_on_c, 0, 94, 82
2, 134630, Note_on_c, 0, 67, 0
2, 134637, Note_on_c, 0, 67, 70
2, 134638, Note_on_c, 0, 82, 0
2, 134646, Note_on_c, 0, 82, 64
2, 134745, Note_on_c, 0, 84, 0
2, 134745, Note_on_c, 0, 96, 0
2, 134755, Note_on_c, 0, 96, 84
2, 134755, Note_on_c, 0, 84, 82
2, 134760, Note_on_c, 0, 70, 0
2, 134768, Note_on_c, 0, 74, 0
2, 134770, Note_on_c, 0, 70, 69
2, 134773, Note_on_c, 0, 74, 53
2, 134868, Note_on_c, 0, 94, 0
2, 134876, Note_on_c, 0, 67, 0
2, 134877, Note_on_c, 0, 94, 79
2, 134882, Note_on_c, 0, 67, 66
2, 134891, Note_on_c, 0, 82, 0
2, 134896, Note_on_c, 0, 82, 61
2, 134999, Note_on_c, 0, 84, 0
2, 134999, Note_on_c, 0, 96, 0
2, 135005, Note_on_c, 0, 96, 86
2, 135006, Note_on_c, 0, 70, 0
2, 135006, Note_on_c, 0, 74, 0
2, 135007, Note_on_c, 0, 84, 82
2, 135010, Note_on_c, 0, 74, 68
2, 135011, Note_on_c, 0, 70, 70
2, 135121, Note_on_c, 0, 67, 0
2, 135121, Note_on_c, 0, 94, 0
2, 135126, Note_on_c, 0, 94, 80
2, 135132, Note_on_c, 0, 67, 71
2, 135137, Note_on_c, 0, 82, 0
2, 135148, Note_on_c, 0, 82, 64
2, 135237, Note_on_c, 0, 96, 0
2, 135244, Note_on_c, 0, 74, 0
2, 135244, Note_on_c, 0, 84, 0
2, 135248, Note_on_c, 0, 96, 85
2, 135252, Note_on_c, 0, 70, 0
2, 135254, Note_on_c, 0, 84, 81
2, 135255, Note_on_c, 0, 74, 61
2, 135256, Note_on_c, 0, 70, 72
2, 135367, Note_on_c, 0, 94, 0
2, 135375, Note_on_c, 0, 67, 0
2, 135375, Note_on_c, 0, 82, 0
2, 135378, Note_on_c, 0, 94, 83
2, 135380, Note_on_c, 0, 67, 68
2, 135385, Note_on_c, 0, 82, 78
2, 135490, Note_on_c, 0, 74, 0
2, 135498, Note_on_c, 0, 70, 0
2, 135498, Note_on_c, 0, 84, 0
2, 135498, Note_on_c, 0, 96, 0
2, 135500, Note_on_c, 0, 74, 65
2, 135502, Note_on_c, 0, 96, 84
2, 135502, Note_on_c, 0, 70, 71
2, 135502, Note_on_c, 0, 84, 83
2, 135621, Note_on_c, 0, 67, 0
2, 135622, Note_on_c, 0, 98, 86
2, 135631, Note_on_c, 0, 67, 79
2, 135634, Note_on_c, 0, 86, 69
2, 135636, Note_on_c, 0, 84, 0
2, 135643, Note_on_c, 0, 84, 64
2, 135736, Note_on_c, 0, 70, 0
2, 135744, Note_on_c, 0, 84, 0
2, 135744, Note_on_c, 0, 96, 0
2, 135746, Note_on_c, 0, 70, 76
2, 135749, Note_on_c, 0, 84, 86
2, 135751, Note_on_c, 0, 74, 0
2, 135753, Note_on_c, 0, 96, 94
2, 135755, Note_on_c, 0, 74, 53
2, 135836, Note_on_c, 0, 67, 0
2, 135847, Note_on_c, 0, 67, 78
2, 135859, Note_on_c, 0, 94, 0
2, 135869, Note_on_c, 0, 94, 86
2, 135874, Note_on_c, 0, 82, 0
2, 135878, Note_on_c, 0, 82, 71
2, 135964, Control_c, 0, 64, 0
2, 135966, Note_on_c, 0, 82, 0
2, 135966, Note_on_c, 0, 98, 0
2, 135966, Note_on_c, 0, 70, 0
2, 135967, Note_on_c, 0, 96, 0
2, 135968, Note_on_c, 0, 84, 0
2, 135968, Note_on_c, 0, 74, 0
2, 135974, Note_on_c, 0, 86, 0
2, 135989, Note_on_c, 0, 67, 0
2, 135989, Note_on_c, 0, 94, 0
2, 135995, Note_on_c, 0, 89, 98
2, 135998, Note_on_c, 0, 58, 77
2, 135998, Note_on_c, 0, 77, 89
2, 136051, Control_c, 0, 64, 127
2, 136244, Note_on_c, 0, 74, 69
2, 136247, Note_on_c, 0, 70, 61
2, 136370, Note_on_c, 0, 65, 66
2, 136372, Note_on_c, 0, 94, 85
2, 136375, Note_on_c, 0, 82, 73
2, 136488, Note_on_c, 0, 74, 0
2, 136488, Note_on_c, 0, 82, 0
2, 136488, Note_on_c, 0, 94, 0
2, 136496, Note_on_c, 0, 70, 0
2, 136498, Note_on_c, 0, 82, 81
2, 136499, Note_on_c, 0, 94, 85
2, 136500, Note_on_c, 0, 74, 65
2, 136501, Note_on_c, 0, 70, 67
2, 136619, Note_on_c, 0, 65, 0
2, 136624, Note_on_c, 0, 65, 66
2, 136750, Note_on_c, 0, 70, 0
2, 136750, Note_on_c, 0, 74, 0
2, 136754, Note_on_c, 0, 70, 65
2, 136754, Note_on_c, 0, 74, 63
2, 136857, Note_on_c, 0, 65, 0
2, 136863, Note_on_c, 0, 65, 66
2, 136980, Note_on_c, 0, 74, 0
2, 136988, Note_on_c, 0, 70, 0
2, 136990, Note_on_c, 0, 74, 68
2, 136999, Note_on_c, 0, 70, 52
2, 137126, Note_on_c, 0, 65, 0
2, 137130, Note_on_c, 0, 65, 65
2, 137249, Note_on_c, 0, 70, 0
2, 137249, Note_on_c, 0, 74, 0
2, 137253, Note_on_c, 0, 74, 70
2, 137257, Note_on_c, 0, 63, 72
2, 137260, Note_on_c, 0, 70, 60
2, 137372, Note_on_c, 0, 65, 0
2, 137377, Note_on_c, 0, 65, 64
2, 137495, Note_on_c, 0, 74, 0
2, 137502, Note_on_c, 0, 70, 0
2, 137503, Note_on_c, 0, 74, 81
2, 137504, Note_on_c, 0, 62, 78
2, 137513, Note_on_c, 0, 70, 74
2, 137625, Note_on_c, 0, 65, 0
2, 137636, Note_on_c, 0, 65, 68
2, 137740, Note_on_c, 0, 58, 0
2, 137740, Note_on_c, 0, 74, 0
2, 137749, Note_on_c, 0, 74, 79
2, 137751, Note_on_c, 0, 58, 70
2, 137751, Note_on_c, 0, 70, 0
2, 137879, Note_on_c, 0, 94, 0
2, 137886, Note_on_c, 0, 82, 0
2, 137889, Note_on_c, 0, 94, 91
2, 137897, Note_on_c, 0, 82, 67
2, 137949, Note_on_c, 0, 82, 0
2, 137949, Note_on_c, 0, 94, 0
2, 137949, Note_on_c, 0, 62, 0
2, 137949, Note_on_c, 0, 63, 0
2, 137950, Note_on_c, 0, 65, 0
2, 137950, Control_c, 0, 64, 0
2, 137950, Note_on_c, 0, 74, 0
2, 137951, Note_on_c, 0, 58, 0
2, 137955, Note_on_c, 0, 77, 0
2, 137971, Note_on_c, 0, 89, 0
2, 138006, Note_on_c, 0, 96, 96
2, 138007, Note_on_c, 0, 65, 80
2, 138011, Note_on_c, 0, 84, 91
2, 138011, Note_on_c, 0, 53, 80
2, 138017, Note_on_c, 0, 65, 0
2, 138048, Control_c, 0, 64, 127
2, 138131, Note_on_c, 0, 94, 86
2, 138247, Note_on_c, 0, 84, 0
2, 138247, Note_on_c, 0, 96, 0
2, 138254, Note_on_c, 0, 96, 85
2, 138259, Note_on_c, 0, 84, 83
2, 138259, Note_on_c, 0, 72, 75
2, 138265, Note_on_c, 0, 69, 68
2, 138370, Note_on_c, 0, 94, 0
2, 138381, Note_on_c, 0, 94, 84
2, 138383, Note_on_c, 0, 82, 77
2, 138388, Note_on_c, 0, 65, 60
2, 138485, Note_on_c, 0, 96, 0
2, 138496, Note_on_c, 0, 96, 80
2, 138501, Note_on_c, 0, 84, 0
2, 138505, Note_on_c, 0, 84, 77
2, 138516, Note_on_c, 0, 69, 0
2, 138520, Note_on_c, 0, 69, 64
2, 138616, Note_on_c, 0, 82, 0
2, 138616, Note_on_c, 0, 94, 0
2, 138624, Note_on_c, 0, 65, 0
2, 138625, Note_on_c, 0, 94, 81
2, 138626, Note_on_c, 0, 82, 79
2, 138629, Note_on_c, 0, 65, 69
2, 138739, Note_on_c, 0, 96, 0
2, 138746, Note_on_c, 0, 96, 80
2, 138746, Note_on_c, 0, 84, 0
2, 138757, Note_on_c, 0, 84, 77
2, 138762, Note_on_c, 0, 72, 0
2, 138766, Note_on_c, 0, 72, 72
2, 138769, Note_on_c, 0, 69, 0
2, 138775, Note_on_c, 0, 69, 73
2, 138792, Note_on_c, 0, 53, 0
2, 138862, Note_on_c, 0, 65, 0
2, 138862, Note_on_c, 0, 94, 0
2, 138869, Note_on_c, 0, 82, 0
2, 138872, Note_on_c, 0, 65, 65
2, 138872, Note_on_c, 0, 94, 85
2, 138874, Note_on_c, 0, 82, 79
2, 138984, Note_on_c, 0, 96, 0
2, 138991, Note_on_c, 0, 96, 85
2, 138992, Note_on_c, 0, 72, 0
2, 138992, Note_on_c, 0, 84, 0
2, 138997, Note_on_c, 0, 84, 80
2, 139002, Note_on_c, 0, 72, 72
2, 139008, Note_on_c, 0, 69, 0
2, 139018, Note_on_c, 0, 69, 62
2, 139107, Note_on_c, 0, 65, 0
2, 139107, Note_on_c, 0, 94, 0
2, 139115, Note_on_c, 0, 82, 0
2, 139118, Note_on_c, 0, 65, 65
2, 139118, Note_on_c, 0, 94, 83
2, 139119, Note_on_c, 0, 82, 78
2, 139230, Note_on_c, 0, 96, 0
2, 139236, Note_on_c, 0, 96, 86
2, 139238, Note_on_c, 0, 72, 0
2, 139238, Note_on_c, 0, 84, 0
2, 139246, Note_on_c, 0, 69, 0
2, 139247, Note_on_c, 0, 72, 75
2, 139248, Note_on_c, 0, 84, 80
2, 139257, Note_on_c, 0, 69, 73
2, 139353, Note_on_c, 0, 94, 0
2, 139361, Note_on_c, 0, 65, 0
2, 139361, Note_on_c, 0, 82, 0
2, 139364, Note_on_c, 0, 94, 85
2, 139367, Note_on_c, 0, 82, 79
2, 139369, Note_on_c, 0, 65, 62
2, 139476, Note_on_c, 0, 72, 0
2, 139476, Note_on_c, 0, 96, 0
2, 139483, Note_on_c, 0, 96, 80
2, 139487, Note_on_c, 0, 72, 72
2, 139507, Note_on_c, 0, 69, 0
2, 139512, Note_on_c, 0, 69, 59
2, 139617, Note_on_c, 0, 98, 90
2, 139622, Note_on_c, 0, 65, 0
2, 139623, Note_on_c, 0, 86, 87
2, 139633, Note_on_c, 0, 65, 66
2, 139737, Note_on_c, 0, 72, 0
2, 139743, Note_on_c, 0, 72, 75
2, 139745, Note_on_c, 0, 69, 0
2, 139745, Note_on_c, 0, 84, 0
2, 139745, Note_on_c, 0, 96, 0
2, 139749, Note_on_c, 0, 84, 80
2, 139750, Note_on_c, 0, 69, 62
2, 139750, Note_on_c, 0, 96, 72
2, 139852, Note_on_c, 0, 65, 0
2, 139857, Note_on_c, 0, 65, 68
2, 139860, Note_on_c, 0, 82, 0
2, 139860, Note_on_c, 0, 94, 0
2, 139864, Note_on_c, 0, 94, 85
2, 139866, Note_on_c, 0, 82, 85
2, 139956, Note_on_c, 0, 98, 0
2, 139956, Note_on_c, 0, 94, 0
2, 139957, Note_on_c, 0, 86, 0
2, 139957, Note_on_c, 0, 96, 0
2, 139957, Note_on_c, 0, 72, 0
2, 139957, Note_on_c, 0, 82, 0
2, 139958, Note_on_c, 0, 65, 0
2, 139958, Note_on_c, 0, 69, 0
2, 139958, Note_on_c, 0, 84, 0
2, 139958, Control_c, 0, 64, 0
2, 140000, Note_on_c, 0, 89, 96
2, 140003, Note_on_c, 0, 77, 89
2, 140005, Note_on_c, 0, 58, 80
2, 140075, Control_c, 0, 64, 127
2, 140160, Note_on_c, 0, 77, 0
2, 140263, Note_on_c, 0, 74, 68
2, 140267, Note_on_c, 0, 70, 64
2, 140381, Note_on_c, 0, 94, 83
2, 140384, Note_on_c, 0, 82, 75
2, 140386, Note_on_c, 0, 65, 63
2, 140497, Note_on_c, 0, 74, 0
2, 140505, Note_on_c, 0, 70, 0
2, 140508, Note_on_c, 0, 74, 75
2, 140512, Note_on_c, 0, 70, 71
2, 140513, Note_on_c, 0, 82, 0
2, 140513, Note_on_c, 0, 94, 0
2, 140517, Note_on_c, 0, 94, 92
2, 140518, Note_on_c, 0, 82, 81
2, 140628, Note_on_c, 0, 65, 0
2, 140632, Note_on_c, 0, 65, 69
2, 140759, Note_on_c, 0, 70, 0
2, 140759, Note_on_c, 0, 74, 0
2, 140763, Note_on_c, 0, 70, 67
2, 140766, Note_on_c, 0, 74, 61
2, 140866, Note_on_c, 0, 65, 0
2, 140871, Note_on_c, 0, 65, 70
2, 140997, Note_on_c, 0, 70, 0
2, 140997, Note_on_c, 0, 74, 0
2, 141002, Note_on_c, 0, 70, 71
2, 141006, Note_on_c, 0, 74, 60
2, 141120, Note_on_c, 0, 65, 0
2, 141128, Note_on_c, 0, 65, 62
2, 141246, Note_on_c, 0, 50, 72
2, 141258, Note_on_c, 0, 74, 0
2, 141262, Note_on_c, 0, 74, 75
2, 141304, Note_on_c, 0, 58, 0
2, 141308, Note_on_c, 0, 58, 13
2, 141388, Note_on_c, 0, 65, 0
2, 141396, Note_on_c, 0, 65, 66
2, 141496, Note_on_c, 0, 58, 0
2, 141496, Note_on_c, 0, 74, 0
2, 141502, Note_on_c, 0, 58, 84
2, 141507, Note_on_c, 0, 74, 75
2, 141642, Note_on_c, 0, 65, 0
2, 141642, Note_on_c, 0, 70, 0
2, 141649, Note_on_c, 0, 65, 68
2, 141650, Note_on_c, 0, 70, 54
2, 141734, Note_on_c, 0, 74, 0
2, 141742, Note_on_c, 0, 74, 78
2, 141746, Note_on_c, 0, 57, 82
2, 141872, Note_on_c, 0, 94, 0
2, 141883, Note_on_c, 0, 94, 92
2, 141895, Note_on_c, 0, 82, 0
2, 141906, Note_on_c, 0, 82, 65
2, 141977, Note_on_c, 0, 57, 0
2, 141977, Note_on_c, 0, 82, 0
2, 141977, Note_on_c, 0, 70, 0
2, 141977, Note_on_c, 0, 65, 0
2, 141977, Note_on_c, 0, 74, 0
2, 141977, Control_c, 0, 64, 0
2, 141977, Note_on_c, 0, 50, 0
2, 141978, Note_on_c, 0, 58, 0
2, 141995, Note_on_c, 0, 89, 0
2, 142003, Note_on_c, 0, 94, 0
2, 142008, Note_on_c, 0, 96, 97
2, 142012, Note_on_c, 0, 84, 92
2, 142014, Note_on_c, 0, 43, 74
2, 142015, Note_on_c, 0, 58, 76
2, 142022, Note_on_c, 0, 50, 66
2, 142049, Control_c, 0, 64, 127
2, 142133, Note_on_c, 0, 94, 86
2, 142137, Note_on_c, 0, 82, 77
2, 142256, Note_on_c, 0, 84, 0
2, 142261, Note_on_c, 0, 84, 84
2, 142265, Note_on_c, 0, 70, 84
2, 142274, Note_on_c, 0, 67, 75
2, 142364, Note_on_c, 0, 70, 0
2, 142371, Note_on_c, 0, 94, 0
2, 142374, Note_on_c, 0, 70, 72
2, 142379, Note_on_c, 0, 94, 80
2, 142379, Note_on_c, 0, 82, 0
2, 142380, Note_on_c, 0, 62, 71
2, 142385, Note_on_c, 0, 82, 70
2, 142487, Note_on_c, 0, 96, 0
2, 142494, Note_on_c, 0, 84, 0
2, 142495, Note_on_c, 0, 96, 85
2, 142498, Note_on_c, 0, 84, 85
2, 142502, Note_on_c, 0, 67, 0
2, 142502, Note_on_c, 0, 70, 0
2, 142506, Note_on_c, 0, 67, 69
2, 142511, Note_on_c, 0, 70, 76
2, 142617, Note_on_c, 0, 94, 0
2, 142625, Note_on_c, 0, 62, 0
2, 142625, Note_on_c, 0, 82, 0
2, 142629, Note_on_c, 0, 94, 87
2, 142629, Note_on_c, 0, 82, 82
2, 142636, Note_on_c, 0, 62, 74
2, 142740, Note_on_c, 0, 96, 0
2, 142748, Note_on_c, 0, 70, 0
2, 142748, Note_on_c, 0, 84, 0
2, 142751, Note_on_c, 0, 96, 92
2, 142752, Note_on_c, 0, 70, 80
2, 142755, Note_on_c, 0, 67, 0
2, 142756, Note_on_c, 0, 84, 83
2, 142765, Note_on_c, 0, 67, 77
2, 142871, Note_on_c, 0, 82, 0
2, 142871, Note_on_c, 0, 94, 0
2, 142878, Note_on_c, 0, 62, 0
2, 142882, Note_on_c, 0, 82, 85
2, 142882, Note_on_c, 0, 94, 88
2, 142882, Note_on_c, 0, 62, 71
2, 142993, Note_on_c, 0, 84, 0
2, 143001, Note_on_c, 0, 67, 0
2, 143001, Note_on_c, 0, 70, 0
2, 143001, Note_on_c, 0, 96, 0
2, 143005, Note_on_c, 0, 84, 82
2, 143005, Note_on_c, 0, 67, 77
2, 143006, Note_on_c, 0, 70, 80
2, 143006, Note_on_c, 0, 96, 79
2, 143124, Note_on_c, 0, 62, 0
2, 143124, Note_on_c, 0, 82, 0
2, 143124, Note_on_c, 0, 94, 0
2, 143128, Note_on_c, 0, 94, 85
2, 143128, Note_on_c, 0, 82, 86
2, 143129, Note_on_c, 0, 62, 77
2, 143239, Note_on_c, 0, 67, 0
2, 143239, Note_on_c, 0, 84, 0
2, 143247, Note_on_c, 0, 70, 0
2, 143247, Note_on_c, 0, 96, 0
2, 143250, Note_on_c, 0, 84, 92
2, 143250, Note_on_c, 0, 67, 83
2, 143251, Note_on_c, 0, 96, 91
2, 143256, Note_on_c, 0, 70, 84
2, 143370, Note_on_c, 0, 62, 0
2, 143370, Note_on_c, 0, 82, 0
2, 143370, Note_on_c, 0, 94, 0
2, 143375, Note_on_c, 0, 62, 69
2, 143375, Note_on_c, 0, 94, 89
2, 143376, Note_on_c, 0, 82, 87
2, 143493, Note_on_c, 0, 67, 0
2, 143493, Note_on_c, 0, 84, 0
2, 143493, Note_on_c, 0, 96, 0
2, 143498, Note_on_c, 0, 84, 90
2, 143499, Note_on_c, 0, 96, 89
2, 143500, Note_on_c, 0, 70, 0
2, 143502, Note_on_c, 0, 67, 83
2, 143504, Note_on_c, 0, 70, 82
2, 143623, Note_on_c, 0, 62, 0
2, 143625, Note_on_c, 0, 98, 98
2, 143628, Note_on_c, 0, 62, 80
2, 143738, Note_on_c, 0, 84, 0
2, 143746, Note_on_c, 0, 67, 0
2, 143746, Note_on_c, 0, 70, 0
2, 143746, Note_on_c, 0, 96, 0
2, 143749, Note_on_c, 0, 84, 95
2, 143750, Note_on_c, 0, 96, 95
2, 143751, Note_on_c, 0, 70, 86
2, 143755, Note_on_c, 0, 67, 86
2, 143838, Note_on_c, 0, 62, 0
2, 143843, Note_on_c, 0, 62, 74
2, 143861, Note_on_c, 0, 82, 0
2, 143861, Note_on_c, 0, 94, 0
2, 143865, Note_on_c, 0, 94, 94
2, 143868, Note_on_c, 0, 82, 90
2, 143974, Note_on_c, 0, 84, 0
2, 143975, Note_on_c, 0, 82, 0
2, 143975, Note_on_c, 0, 70, 0
2, 143976, Note_on_c, 0, 62, 0
2, 143976, Note_on_c, 0, 96, 0
2, 143976, Note_on_c, 0, 94, 0
2, 143978, Control_c, 0, 64, 0
2, 143978, Note_on_c, 0, 98, 0
2, 143984, Note_on_c, 0, 43, 0
2, 143992, Note_on_c, 0, 67, 0
2, 143996, Note_on_c, 0, 89, 103
2, 144000, Note_on_c, 0, 50, 0
2, 144000, Note_on_c, 0, 58, 0
2, 144002, Note_on_c, 0, 77, 98
2, 144012, Note_on_c, 0, 46, 73
2, 144053, Control_c, 0, 64, 127
2, 144250, Note_on_c, 0, 65, 76
2, 144256, Note_on_c, 0, 70, 66
2, 144368, Note_on_c, 0, 70, 0
2, 144372, Note_on_c, 0, 94, 94
2, 144373, Note_on_c, 0, 62, 75
2, 144374, Note_on_c, 0, 82, 86
2, 144375, Note_on_c, 0, 70, 74
2, 144491, Note_on_c, 0, 65, 0
2, 144499, Note_on_c, 0, 70, 0
2, 144499, Note_on_c, 0, 82, 0
2, 144499, Note_on_c, 0, 94, 0
2, 144502, Note_on_c, 0, 65, 72
2, 144503, Note_on_c, 0, 82, 91
2, 144505, Note_on_c, 0, 94, 96
2, 144507, Note_on_c, 0, 70, 84
2, 144622, Note_on_c, 0, 62, 0
2, 144627, Note_on_c, 0, 62, 75
2, 144760, Note_on_c, 0, 65, 0
2, 144760, Note_on_c, 0, 70, 0
2, 144764, Note_on_c, 0, 65, 74
2, 144765, Note_on_c, 0, 70, 77
2, 144875, Note_on_c, 0, 62, 0
2, 144880, Note_on_c, 0, 62, 79
2, 144998, Note_on_c, 0, 65, 0
2, 145004, Note_on_c, 0, 65, 67
2, 145006, Note_on_c, 0, 70, 0
2, 145016, Note_on_c, 0, 70, 79
2, 145121, Note_on_c, 0, 62, 0
2, 145127, Note_on_c, 0, 62, 75
2, 145251, Note_on_c, 0, 65, 0
2, 145254, Note_on_c, 0, 51, 92
2, 145257, Note_on_c, 0, 65, 82
2, 145259, Note_on_c, 0, 70, 0
2, 145265, Note_on_c, 0, 70, 83
2, 145382, Note_on_c, 0, 62, 0
2, 145391, Note_on_c, 0, 62, 82
2, 145505, Note_on_c, 0, 65, 0
2, 145505, Note_on_c, 0, 70, 0
2, 145511, Note_on_c, 0, 65, 79
2, 145515, Note_on_c, 0, 50, 83
2, 145515, Note_on_c, 0, 70, 87
2, 145620, Note_on_c, 0, 62, 0
2, 145630, Note_on_c, 0, 62, 83
2, 145743, Note_on_c, 0, 70, 0
2, 145752, Note_on_c, 0, 70, 95
2, 145757, Note_on_c, 0, 65, 0
2, 145758, Note_on_c, 0, 46, 0
2, 145769, Note_on_c, 0, 46, 85
2, 145889, Note_on_c, 0, 82, 0
2, 145889, Note_on_c, 0, 94, 0
2, 145893, Note_on_c, 0, 94, 88
2, 145898, Note_on_c, 0, 82, 85
2, 145927, Note_on_c, 0, 92, 42
2, 145973, Note_on_c, 0, 89, 0
2, 145973, Note_on_c, 0, 50, 0
2, 145973, Note_on_c, 0, 94, 0
2, 145973, Note_on_c, 0, 70, 0
2, 145973, Note_on_c, 0, 51, 0
2, 145973, Note_on_c, 0, 62, 0
2, 145974, Note_on_c, 0, 82, 0
2, 145976, Note_on_c, 0, 77, 0
2, 145976, Control_c, 0, 64, 0
2, 145989, Note_on_c, 0, 92, 0
2, 146004, Note_on_c, 0, 46, 0
2, 146008, Note_on_c, 0, 46, 94
2, 146013, Note_on_c, 0, 39, 91
2, 146015, Note_on_c, 0, 84, 102
2, 146015, Note_on_c, 0, 96, 104
2, 146050, Control_c, 0, 64, 127
2, 146138, Note_on_c, 0, 94, 91
2, 146140, Note_on_c, 0, 82, 87
2, 146257, Note_on_c, 0, 84, 0
2, 146257, Note_on_c, 0, 96, 0
2, 146259, Note_on_c, 0, 67, 87
2, 146260, Note_on_c, 0, 63, 76
2, 146263, Note_on_c, 0, 84, 91
2, 146266, Note_on_c, 0, 96, 92
2, 146380, Note_on_c, 0, 82, 0
2, 146380, Note_on_c, 0, 94, 0
2, 146387, Note_on_c, 0, 58, 83
2, 146389, Note_on_c, 0, 94, 94
2, 146390, Note_on_c, 0, 82, 90
2, 146503, Note_on_c, 0, 39, 0
2, 146503, Note_on_c, 0, 63, 0
2, 146503, Note_on_c, 0, 67, 0
2, 146503, Note_on_c, 0, 84, 0
2, 146511, Note_on_c, 0, 96, 0
2, 146512, Note_on_c, 0, 67, 89
2, 146514, Note_on_c, 0, 63, 85
2, 146514, Note_on_c, 0, 84, 91
2, 146515, Note_on_c, 0, 96, 86
2, 146634, Note_on_c, 0, 58, 0
2, 146634, Note_on_c, 0, 82, 0
2, 146634, Note_on_c, 0, 94, 0
2, 146638, Note_on_c, 0, 94, 93
2, 146640, Note_on_c, 0, 82, 91
2, 146642, Note_on_c, 0, 58, 88
2, 146749, Note_on_c, 0, 96, 0
2, 146757, Note_on_c, 0, 63, 0
2, 146757, Note_on_c, 0, 67, 0
2, 146757, Note_on_c, 0, 84, 0
2, 146760, Note_on_c, 0, 96, 96
2, 146761, Note_on_c, 0, 84, 91
2, 146762, Note_on_c, 0, 67, 92
2, 146767, Note_on_c, 0, 63, 86
2, 146856, Note_on_c, 0, 58, 0
2, 146864, Note_on_c, 0, 82, 0
2, 146864, Note_on_c, 0, 94, 0
2, 146866, Note_on_c, 0, 58, 90
2, 146873, Note_on_c, 0, 82, 100
2, 146875, Note_on_c, 0, 94, 98
2, 146941, Note_on_c, 0, 46, 0
2, 146943, Note_on_c, 0, 94, 0
2, 146943, Note_on_c, 0, 96, 0
2, 146943, Note_on_c, 0, 82, 0
2, 146944, Note_on_c, 0, 84, 0
2, 146944, Note_on_c, 0, 58, 0
2, 146944, Note_on_c, 0, 63, 0
2, 146944, Control_c, 0, 64, 0
2, 146944, Note_on_c, 0, 67, 0
2, 146993, Note_on_c, 0, 96, 108
2, 146998, Note_on_c, 0, 84, 108
2, 147002, Note_on_c, 0, 48, 91
2, 147004, Note_on_c, 0, 41, 89
2, 147005, Note_on_c, 0, 53, 91
2, 147018, Control_c, 0, 64, 127
2, 147120, Note_on_c, 0, 94, 104
2, 147120, Note_on_c, 0, 82, 100
2, 147233, Note_on_c, 0, 84, 0
2, 147240, Note_on_c, 0, 96, 0
2, 147242, Note_on_c, 0, 65, 90
2, 147244, Note_on_c, 0, 84, 95
2, 147244, Note_on_c, 0, 96, 95
2, 147245, Note_on_c, 0, 69, 90
2, 147356, Note_on_c, 0, 82, 0
2, 147356, Note_on_c, 0, 94, 0
2, 147361, Note_on_c, 0, 82, 100
2, 147363, Note_on_c, 0, 60, 84
2, 147363, Note_on_c, 0, 94, 98
2, 147367, Note_on_c, 0, 63, 75
2, 147479, Note_on_c, 0, 65, 0
2, 147479, Note_on_c, 0, 84, 0
2, 147479, Note_on_c, 0, 96, 0
2, 147486, Note_on_c, 0, 69, 0
2, 147488, Note_on_c, 0, 65, 92
2, 147489, Note_on_c, 0, 84, 97
2, 147489, Note_on_c, 0, 96, 100
2, 147491, Note_on_c, 0, 69, 92
2, 147601, Note_on_c, 0, 60, 0
2, 147607, Note_on_c, 0, 98, 106
2, 147610, Note_on_c, 0, 60, 94
2, 147613, Note_on_c, 0, 86, 96
2, 147724, Note_on_c, 0, 65, 0
2, 147724, Note_on_c, 0, 69, 0
2, 147724, Note_on_c, 0, 84, 0
2, 147724, Note_on_c, 0, 96, 0
2, 147728, Note_on_c, 0, 65, 95
2, 147729, Note_on_c, 0, 84, 99
2, 147729, Note_on_c, 0, 96, 101
2, 147732, Note_on_c, 0, 69, 93
2, 147801, Note_on_c, 0, 60, 0
2, 147811, Note_on_c, 0, 60, 87
2, 147847, Note_on_c, 0, 82, 0
2, 147847, Note_on_c, 0, 94, 0
2, 147854, Note_on_c, 0, 94, 103
2, 147858, Note_on_c, 0, 82, 94
2, 147908, Note_on_c, 0, 63, 0
2, 147909, Note_on_c, 0, 98, 0
2, 147910, Note_on_c, 0, 94, 0
2, 147910, Note_on_c, 0, 65, 0
2, 147910, Note_on_c, 0, 41, 0
2, 147910, Note_on_c, 0, 69, 0
2, 147910, Note_on_c, 0, 48, 0
2, 147910, Note_on_c, 0, 82, 0
2, 147911, Note_on_c, 0, 60, 0
2, 147911, Note_on_c, 0, 86, 0
2, 147911, Note_on_c, 0, 96, 0
2, 147912, Note_on_c, 0, 84, 0
2, 147913, Control_c, 0, 64, 0
2, 147916, Note_on_c, 0, 53, 0
2, 147966, Note_on_c, 0, 58, 105
2, 147967, Note_on_c, 0, 89, 109
2, 147971, Note_on_c, 0, 77, 101
2, 147971, Note_on_c, 0, 46, 99
2, 147985, Control_c, 0, 64, 127
2, 148004, Note_on_c, 0, 86, 58
2, 148212, Note_on_c, 0, 70, 89
2, 148213, Note_on_c, 0, 65, 90
2, 148349, Note_on_c, 0, 62, 91
2, 148350, Note_on_c, 0, 94, 108
2, 148350, Note_on_c, 0, 82, 103
2, 148462, Note_on_c, 0, 65, 0
2, 148466, Control_c, 0, 64, 0
2, 148469, Note_on_c, 0, 70, 0
2, 148469, Note_on_c, 0, 82, 0
2, 148469, Note_on_c, 0, 94, 0
2, 148472, Note_on_c, 0, 65, 99
2, 148474, Note_on_c, 0, 94, 113
2, 148475, Note_on_c, 0, 82, 110
2, 148475, Note_on_c, 0, 70, 108
2, 148500, Control_c, 0, 64, 127
2, 148600, Note_on_c, 0, 62, 0
2, 148604, Note_on_c, 0, 62, 96
2, 148715, Note_on_c, 0, 65, 0
2, 148715, Note_on_c, 0, 70, 0
2, 148722, Note_on_c, 0, 65, 101
2, 148723, Note_on_c, 0, 70, 101
2, 148838, Note_on_c, 0, 62, 0
2, 148845, Note_on_c, 0, 62, 100
2, 148953, Note_on_c, 0, 65, 0
2, 148953, Note_on_c, 0, 70, 0
2, 148963, Note_on_c, 0, 65, 108
2, 148964, Note_on_c, 0, 70, 111
2, 148973, Control_c, 0, 64, 0
2, 148974, Note_on_c, 0, 94, 0
2, 148974, Note_on_c, 0, 77, 0
2, 148975, Note_on_c, 0, 82, 0
2, 148975, Note_on_c, 0, 62, 0
2, 148975, Note_on_c, 0, 89, 0
2, 148975, Note_on_c, 0, 46, 0
2, 148984, Note_on_c, 0, 86, 0
2, 148992, Note_on_c, 0, 58, 0
2, 149022, Control_c, 0, 64, 127
2, 149034, Note_on_c, 0, 87, 101
2, 149082, Note_on_c, 0, 86, 93
2, 149129, Note_on_c, 0, 82, 93
2, 149155, Note_on_c, 0, 77, 89
2, 149218, Note_on_c, 0, 75, 102
2, 149250, Note_on_c, 0, 73, 84
2, 149304, Note_on_c, 0, 74, 92
2, 149306, Note_on_c, 0, 70, 0
2, 149311, Note_on_c, 0, 70, 95
2, 149360, Note_on_c, 0, 65, 0
2, 149371, Note_on_c, 0, 65, 93
2, 149478, Note_on_c, 0, 62, 92
2, 149478, Note_on_c, 0, 64, 83
2, 149533, Note_on_c, 0, 58, 94
2, 149566, Note_on_c, 0, 53, 79
2, 149583, Note_on_c, 0, 62, 0
2, 149590, Note_on_c, 0, 46, 91
2, 149592, Note_on_c, 0, 62, 46
2, 149706, Note_on_c, 0, 65, 0
2, 149711, Note_on_c, 0, 34, 102
2, 149711, Note_on_c, 0, 65, 69
2, 149844, Note_on_c, 0, 70, 0
2, 149844, Note_on_c, 0, 82, 0
2, 149849, Note_on_c, 0, 82, 111
2, 149850, Note_on_c, 0, 70, 112
2, 149940, Note_on_c, 0, 82, 0
2, 149940, Note_on_c, 0, 70, 0
2, 149941, Note_on_c, 0, 62, 0
2, 149947, Control_c, 0, 64, 0
2, 149952, Note_on_c, 0, 46, 0
2, 149952, Note_on_c, 0, 58, 0
2, 149952, Note_on_c, 0, 75, 0
2, 149952, Note_on_c, 0, 77, 0
2, 149952, Note_on_c, 0, 87, 0
2, 149959, Note_on_c, 0, 64, 0
2, 149959, Note_on_c, 0, 73, 0
2, 149959, Note_on_c, 0, 74, 0
2, 149961, Note_on_c, 0, 84, 114
2, 149963, Note_on_c, 0, 31, 97
2, 149963, Note_on_c, 0, 43, 95
2, 149964, Note_on_c, 0, 72, 112
2, 149964, Note_on_c, 0, 79, 105
2, 149967, Note_on_c, 0, 53, 0
2, 149967, Note_on_c, 0, 65, 0
2, 149967, Note_on_c, 0, 86, 0
2, 149970, Note_on_c, 0, 78, 91
2, 149970, Note_on_c, 0, 74, 95
2, 149990, Control_c, 0, 64, 127
2, 149994, Note_on_c, 0, 80, 44
2, 150051, Note_on_c, 0, 43, 0
2, 150057, Note_on_c, 0, 43, 81
2, 150060, Note_on_c, 0, 55, 84
2, 150069, Note_on_c, 0, 58, 89
2, 150074, Note_on_c, 0, 58, 0
2, 150082, Note_on_c, 0, 74, 0
2, 150089, Note_on_c, 0, 82, 100
2, 150089, Note_on_c, 0, 70, 102
2, 150089, Note_on_c, 0, 74, 63
2, 150197, Note_on_c, 0, 72, 0
2, 150197, Note_on_c, 0, 79, 0
2, 150197, Note_on_c, 0, 84, 0
2, 150201, Note_on_c, 0, 64, 73
2, 150201, Note_on_c, 0, 58, 96
2, 150201, Note_on_c, 0, 62, 72
2, 150207, Note_on_c, 0, 84, 108
2, 150207, Note_on_c, 0, 79, 107
2, 150209, Note_on_c, 0, 72, 111
2, 150320, Note_on_c, 0, 70, 0
2, 150320, Note_on_c, 0, 82, 0
2, 150328, Note_on_c, 0, 64, 0
2, 150329, Note_on_c, 0, 82, 104
2, 150330, Note_on_c, 0, 70, 105
2, 150336, Note_on_c, 0, 55, 0
2, 150338, Note_on_c, 0, 64, 83
2, 150340, Note_on_c, 0, 55, 68
2, 150443, Note_on_c, 0, 72, 0
2, 150443, Note_on_c, 0, 84, 0
2, 150448, Note_on_c, 0, 84, 105
2, 150451, Note_on_c, 0, 72, 109
2, 150558, Note_on_c, 0, 82, 0
2, 150566, Note_on_c, 0, 55, 0
2, 150566, Note_on_c, 0, 70, 0
2, 150569, Note_on_c, 0, 82, 104
2, 150571, Note_on_c, 0, 70, 106
2, 150571, Note_on_c, 0, 55, 81
2, 150689, Note_on_c, 0, 55, 0
2, 150689, Note_on_c, 0, 58, 0
2, 150689, Note_on_c, 0, 70, 0
2, 150689, Note_on_c, 0, 72, 0
2, 150689, Note_on_c, 0, 79, 0
2, 150689, Note_on_c, 0, 84, 0
2, 150695, Note_on_c, 0, 58, 92
2, 150696, Note_on_c, 0, 70, 96
2, 150697, Note_on_c, 0, 84, 107
2, 150698, Note_on_c, 0, 72, 105
2, 150699, Note_on_c, 0, 55, 93
2, 150700, Note_on_c, 0, 79, 84
2, 150796, Note_on_c, 0, 55, 0
2, 150800, Note_on_c, 0, 55, 86
2, 150812, Note_on_c, 0, 70, 0
2, 150812, Note_on_c, 0, 82, 0
2, 150816, Note_on_c, 0, 82, 104
2, 150818, Note_on_c, 0, 70, 106
2, 150914, Note_on_c, 0, 79, 0
2, 150915, Note_on_c, 0, 78, 0
2, 150915, Note_on_c, 0, 70, 0
2, 150915, Note_on_c, 0, 82, 0
2, 150915, Note_on_c, 0, 58, 0
2, 150916, Control_c, 0, 64, 0
2, 150927, Note_on_c, 0, 34, 0
2, 150927, Note_on_c, 0, 64, 0
2, 150927, Note_on_c, 0, 74, 0
2, 150927, Note_on_c, 0, 80, 0
2, 150935, Note_on_c, 0, 31, 0
2, 150935, Note_on_c, 0, 43, 0
2, 150935, Note_on_c, 0, 55, 0
2, 150935, Note_on_c, 0, 62, 0
2, 150935, Note_on_c, 0, 72, 0
2, 150935, Note_on_c, 0, 84, 0
2, 150939, Note_on_c, 0, 43, 94
2, 150939, Note_on_c, 0, 31, 98
2, 150943, Note_on_c, 0, 84, 114
2, 150945, Note_on_c, 0, 79, 100
2, 150945, Note_on_c, 0, 72, 110
2, 150956, Note_on_c, 0, 78, 82
2, 150988, Control_c, 0, 64, 127
2, 151042, Note_on_c, 0, 43, 0
2, 151053, Note_on_c, 0, 43, 74
2, 151063, Note_on_c, 0, 82, 102
2, 151063, Note_on_c, 0, 70, 102
2, 151067, Note_on_c, 0, 74, 66
2, 151173, Note_on_c, 0, 72, 0
2, 151173, Note_on_c, 0, 84, 0
2, 151176, Note_on_c, 0, 58, 98
2, 151180, Note_on_c, 0, 79, 0
2, 151182, Note_on_c, 0, 84, 106
2, 151184, Note_on_c, 0, 72, 105
2, 151186, Note_on_c, 0, 79, 92
2, 151187, Note_on_c, 0, 55, 83
2, 151296, Note_on_c, 0, 70, 0
2, 151296, Note_on_c, 0, 82, 0
2, 151303, Note_on_c, 0, 43, 0
2, 151303, Note_on_c, 0, 55, 0
2, 151305, Note_on_c, 0, 82, 101
2, 151307, Note_on_c, 0, 70, 100
2, 151312, Note_on_c, 0, 43, 86
2, 151313, Note_on_c, 0, 55, 81
2, 151418, Note_on_c, 0, 72, 0
2, 151418, Note_on_c, 0, 79, 0
2, 151418, Note_on_c, 0, 84, 0
2, 151425, Note_on_c, 0, 84, 109
2, 151428, Note_on_c, 0, 72, 107
2, 151428, Note_on_c, 0, 79, 105
2, 151541, Note_on_c, 0, 55, 0
2, 151541, Note_on_c, 0, 74, 0
2, 151547, Note_on_c, 0, 86, 108
2, 151549, Note_on_c, 0, 58, 0
2, 151551, Note_on_c, 0, 74, 106
2, 151552, Note_on_c, 0, 55, 82
2, 151559, Note_on_c, 0, 58, 86
2, 151656, Note_on_c, 0, 84, 0
2, 151664, Note_on_c, 0, 55, 0
2, 151664, Note_on_c, 0, 58, 0
2, 151664, Note_on_c, 0, 70, 0
2, 151664, Note_on_c, 0, 72, 0
2, 151665, Note_on_c, 0, 84, 110
2, 151669, Note_on_c, 0, 72, 109
2, 151669, Note_on_c, 0, 58, 91
2, 151672, Note_on_c, 0, 70, 97
2, 151673, Note_on_c, 0, 55, 91
2, 151764, Note_on_c, 0, 55, 0
2, 151772, Note_on_c, 0, 82, 0
2, 151774, Note_on_c, 0, 55, 86
2, 151780, Note_on_c, 0, 82, 105
2, 151787, Note_on_c, 0, 70, 0
2, 151791, Note_on_c, 0, 70, 99
2, 151878, Note_on_c, 0, 74, 0
2, 151879, Note_on_c, 0, 72, 0
2, 151879, Note_on_c, 0, 86, 0
2, 151880, Note_on_c, 0, 79, 0
2, 151880, Note_on_c, 0, 84, 0
2, 151880, Note_on_c, 0, 82, 0
2, 151881, Control_c, 0, 64, 0
2, 151887, Note_on_c, 0, 31, 0
2, 151887, Note_on_c, 0, 78, 0
2, 151895, Note_on_c, 0, 43, 0
2, 151895, Note_on_c, 0, 55, 0
2, 151895, Note_on_c, 0, 58, 0
2, 151910, Note_on_c, 0, 70, 0
2, 151914, Note_on_c, 0, 65, 106
2, 151914, Note_on_c, 0, 77, 111
2, 151915, Note_on_c, 0, 70, 108
2, 151916, Note_on_c, 0, 46, 106
2, 151918, Note_on_c, 0, 34, 104
2, 151920, Note_on_c, 0, 74, 85
2, 151964, Control_c, 0, 64, 127
2, 152025, Note_on_c, 0, 46, 0
2, 152035, Note_on_c, 0, 46, 77
2, 152160, Note_on_c, 0, 62, 97
2, 152165, Note_on_c, 0, 58, 93
2, 152176, Note_on_c, 0, 54, 57
2, 152186, Note_on_c, 0, 54, 0
2, 152271, Note_on_c, 0, 46, 0
2, 152277, Note_on_c, 0, 46, 95
2, 152279, Note_on_c, 0, 70, 0
2, 152281, Note_on_c, 0, 82, 110
2, 152282, Note_on_c, 0, 70, 102
2, 152394, Note_on_c, 0, 46, 0
2, 152394, Note_on_c, 0, 82, 0
2, 152401, Note_on_c, 0, 70, 0
2, 152401, Note_on_c, 0, 74, 0
2, 152401, Note_on_c, 0, 77, 0
2, 152402, Note_on_c, 0, 82, 113
2, 152405, Note_on_c, 0, 46, 90
2, 152410, Note_on_c, 0, 74, 100
2, 152411, Note_on_c, 0, 70, 107
2, 152412, Note_on_c, 0, 77, 95
2, 152517, Note_on_c, 0, 46, 0
2, 152528, Note_on_c, 0, 46, 90
2, 152647, Note_on_c, 0, 58, 0
2, 152647, Note_on_c, 0, 62, 0
2, 152652, Note_on_c, 0, 62, 95
2, 152654, Note_on_c, 0, 58, 97
2, 152747, Note_on_c, 0, 46, 0
2, 152758, Note_on_c, 0, 46, 82
2, 152876, Note_on_c, 0, 82, 0
2, 152877, Note_on_c, 0, 74, 0
2, 152878, Note_on_c, 0, 58, 0
2, 152878, Note_on_c, 0, 62, 0
2, 152878, Note_on_c, 0, 65, 0
2, 152880, Control_c, 0, 64, 0
2, 152885, Note_on_c, 0, 34, 0
2, 152895, Note_on_c, 0, 34, 108
2, 152939, Note_on_c, 0, 46, 0
2, 152970, Note_on_c, 0, 77, 0
2, 152977, Control_c, 0, 64, 127
2, 153001, Note_on_c, 0, 46, 78
2, 153037, Note_on_c, 0, 72, 105
2, 153146, Note_on_c, 0, 62, 89
2, 153151, Note_on_c, 0, 58, 83
2, 153262, Note_on_c, 0, 46, 0
2, 153271, Note_on_c, 0, 46, 91
2, 153285, Note_on_c, 0, 70, 0
2, 153295, Note_on_c, 0, 70, 96
2, 153384, Note_on_c, 0, 46, 0
2, 153384, Note_on_c, 0, 58, 0
2, 153389, Note_on_c, 0, 46, 95
2, 153390, Note_on_c, 0, 58, 85
2, 153507, Note_on_c, 0, 46, 0
2, 153515, Note_on_c, 0, 46, 95
2, 153630, Note_on_c, 0, 62, 0
2, 153638, Note_on_c, 0, 58, 0
2, 153642, Note_on_c, 0, 62, 98
2, 153642, Note_on_c, 0, 58, 97
2, 153738, Note_on_c, 0, 46, 0
2, 153746, Note_on_c, 0, 46, 97
2, 153753, Note_on_c, 0, 70, 0
2, 153759, Note_on_c, 0, 82, 110
2, 153761, Note_on_c, 0, 70, 108
2, 153780, Note_on_c, 0, 79, 57
2, 153847, Note_on_c, 0, 79, 0
2, 153848, Note_on_c, 0, 70, 0
2, 153848, Control_c, 0, 64, 0
2, 153848, Note_on_c, 0, 72, 0
2, 153848, Note_on_c, 0, 58, 0
2, 153848, Note_on_c, 0, 82, 0
2, 153853, Note_on_c, 0, 34, 0
2, 153861, Note_on_c, 0, 62, 0
2, 153868, Note_on_c, 0, 46, 0
2, 153881, Note_on_c, 0, 75, 107
2, 153881, Note_on_c, 0, 84, 111
2, 153882, Note_on_c, 0, 72, 112
2, 153914, Control_c, 0, 64, 127
2, 154002, Note_on_c, 0, 79, 76
2, 154002, Note_on_c, 0, 46, 79
2, 154007, Note_on_c, 0, 46, 0
2, 154011, Note_on_c, 0, 82, 100
2, 154013, Note_on_c, 0, 70, 98
2, 154122, Note_on_c, 0, 72, 0
2, 154122, Note_on_c, 0, 84, 0
2, 154125, Note_on_c, 0, 55, 99
2, 154127, Note_on_c, 0, 51, 94
2, 154127, Note_on_c, 0, 84, 101
2, 154129, Note_on_c, 0, 75, 0
2, 154131, Note_on_c, 0, 72, 102
2, 154137, Note_on_c, 0, 51, 0
2, 154138, Note_on_c, 0, 75, 91
2, 154245, Note_on_c, 0, 70, 0
2, 154245, Note_on_c, 0, 82, 0
2, 154248, Note_on_c, 0, 39, 96
2, 154249, Note_on_c, 0, 82, 102
2, 154255, Note_on_c, 0, 70, 100
2, 154255, Note_on_c, 0, 27, 91
2, 154278, Note_on_c, 0, 80, 72
2, 154360, Note_on_c, 0, 39, 0
2, 154360, Note_on_c, 0, 72, 0
2, 154360, Note_on_c, 0, 84, 0
2, 154364, Note_on_c, 0, 39, 93
2, 154367, Note_on_c, 0, 84, 105
2, 154368, Note_on_c, 0, 75, 0
2, 154369, Note_on_c, 0, 72, 109
2, 154372, Note_on_c, 0, 75, 99
2, 154475, Note_on_c, 0, 39, 0
2, 154483, Note_on_c, 0, 70, 0
2, 154483, Note_on_c, 0, 82, 0
2, 154484, Note_on_c, 0, 39, 90
2, 154487, Note_on_c, 0, 82, 103
2, 154488, Note_on_c, 0, 70, 102
2, 154606, Note_on_c, 0, 72, 0
2, 154606, Note_on_c, 0, 84, 0
2, 154610, Note_on_c, 0, 51, 94
2, 154611, Note_on_c, 0, 84, 101
2, 154612, Note_on_c, 0, 72, 106
2, 154621, Note_on_c, 0, 75, 0
2, 154625, Note_on_c, 0, 75, 78
2, 154721, Note_on_c, 0, 55, 0
2, 154721, Note_on_c, 0, 70, 0
2, 154721, Note_on_c, 0, 82, 0
2, 154726, Note_on_c, 0, 82, 104
2, 154728, Note_on_c, 0, 55, 83
2, 154728, Note_on_c, 0, 70, 108
2, 154816, Note_on_c, 0, 80, 0
2, 154816, Note_on_c, 0, 27, 0
2, 154817, Note_on_c, 0, 39, 0
2, 154817, Note_on_c, 0, 55, 0
2, 154818, Note_on_c, 0, 82, 0
2, 154818, Note_on_c, 0, 75, 0
2, 154818, Note_on_c, 0, 70, 0
2, 154819, Control_c, 0, 64, 0
2, 154828, Note_on_c, 0, 79, 0
2, 154836, Note_on_c, 0, 51, 0
2, 154836, Note_on_c, 0, 84, 0
2, 154844, Note_on_c, 0, 72, 0
2, 154847, Note_on_c, 0, 29, 86
2, 154847, Note_on_c, 0, 84, 115
2, 154848, Note_on_c, 0, 72, 113
2, 154850, Note_on_c, 0, 77, 109
2, 154890, Control_c, 0, 64, 127
2, 154941, Note_on_c, 0, 41, 66
2, 154977, Note_on_c, 0, 82, 97
2, 154981, Note_on_c, 0, 70, 96
2, 155082, Note_on_c, 0, 72, 0
2, 155082, Note_on_c, 0, 84, 0
2, 155086, Note_on_c, 0, 57, 97
2, 155087, Note_on_c, 0, 53, 89
2, 155089, Note_on_c, 0, 77, 0
2, 155090, Note_on_c, 0, 84, 106
2, 155092, Note_on_c, 0, 72, 104
2, 155098, Note_on_c, 0, 77, 95
2, 155212, Note_on_c, 0, 70, 0
2, 155212, Note_on_c, 0, 82, 0
2, 155216, Note_on_c, 0, 82, 98
2, 155216, Note_on_c, 0, 70, 101
2, 155320, Note_on_c, 0, 41, 0
2, 155320, Note_on_c, 0, 84, 0
2, 155328, Note_on_c, 0, 41, 95
2, 155331, Note_on_c, 0, 84, 102
2, 155335, Note_on_c, 0, 72, 0
2, 155335, Note_on_c, 0, 77, 0
2, 155339, Note_on_c, 0, 72, 96
2, 155346, Note_on_c, 0, 77, 85
2, 155443, Note_on_c, 0, 29, 0
2, 155443, Note_on_c, 0, 41, 0
2, 155448, Note_on_c, 0, 41, 88
2, 155450, Note_on_c, 0, 86, 108
2, 155454, Note_on_c, 0, 29, 88
2, 155455, Note_on_c, 0, 74, 105
2, 155566, Note_on_c, 0, 53, 0
2, 155566, Note_on_c, 0, 57, 0
2, 155566, Note_on_c, 0, 72, 0
2, 155566, Note_on_c, 0, 77, 0
2, 155566, Note_on_c, 0, 84, 0
2, 155569, Note_on_c, 0, 72, 106
2, 155570, Note_on_c, 0, 53, 82
2, 155571, Note_on_c, 0, 84, 102
2, 155576, Note_on_c, 0, 77, 92
2, 155577, Note_on_c, 0, 57, 92
2, 155681, Note_on_c, 0, 41, 0
2, 155681, Note_on_c, 0, 70, 0
2, 155681, Note_on_c, 0, 82, 0
2, 155682, Note_on_c, 0, 48, 77
2, 155685, Note_on_c, 0, 41, 88
2, 155689, Note_on_c, 0, 82, 105
2, 155691, Note_on_c, 0, 70, 98
2, 155771, Note_on_c, 0, 41, 0
2, 155771, Note_on_c, 0, 29, 0
2, 155772, Note_on_c, 0, 86, 0
2, 155772, Note_on_c, 0, 74, 0
2, 155773, Note_on_c, 0, 84, 0
2, 155773, Note_on_c, 0, 72, 0
2, 155774, Note_on_c, 0, 70, 0
2, 155776, Control_c, 0, 64, 0
2, 155788, Note_on_c, 0, 48, 0
2, 155788, Note_on_c, 0, 53, 0
2, 155788, Note_on_c, 0, 57, 0
2, 155796, Note_on_c, 0, 77, 0
2, 155811, Note_on_c, 0, 82, 0
2, 155813, Note_on_c, 0, 89, 117
2, 155816, Note_on_c, 0, 77, 111
2, 155816, Note_on_c, 0, 82, 115
2, 155817, Note_on_c, 0, 34, 106
2, 155850, Control_c, 0, 64, 127
2, 155929, Note_on_c, 0, 46, 58
2, 156061, Note_on_c, 0, 62, 88
2, 156065, Note_on_c, 0, 58, 87
2, 156172, Note_on_c, 0, 46, 0
2, 156176, Note_on_c, 0, 87, 97
2, 156181, Note_on_c, 0, 75, 99
2, 156183, Note_on_c, 0, 46, 93
2, 156185, Note_on_c, 0, 70, 89
2, 156295, Note_on_c, 0, 77, 0
2, 156299, Note_on_c, 0, 86, 109
2, 156303, Note_on_c, 0, 34, 0
2, 156303, Note_on_c, 0, 46, 0
2, 156303, Note_on_c, 0, 82, 0
2, 156306, Note_on_c, 0, 77, 107
2, 156307, Note_on_c, 0, 46, 92
2, 156308, Note_on_c, 0, 34, 80
2, 156308, Note_on_c, 0, 82, 104
2, 156309, Note_on_c, 0, 74, 107
2, 156418, Note_on_c, 0, 46, 0
2, 156426, Note_on_c, 0, 46, 91
2, 156549, Note_on_c, 0, 58, 0
2, 156549, Note_on_c, 0, 62, 0
2, 156557, Note_on_c, 0, 62, 99
2, 156560, Note_on_c, 0, 58, 91
2, 156656, Note_on_c, 0, 46, 0
2, 156663, Note_on_c, 0, 46, 101
2, 156668, Note_on_c, 0, 84, 108
2, 156672, Note_on_c, 0, 72, 105
2, 156687, Note_on_c, 0, 75, 0
2, 156692, Note_on_c, 0, 75, 52
2, 156752, Note_on_c, 0, 34, 0
2, 156752, Note_on_c, 0, 62, 0
2, 156753, Note_on_c, 0, 46, 0
2, 156753, Note_on_c, 0, 87, 0
2, 156753, Note_on_c, 0, 86, 0
2, 156753, Note_on_c, 0, 82, 0
2, 156753, Note_on_c, 0, 74, 0
2, 156753, Note_on_c, 0, 75, 0
2, 156753, Note_on_c, 0, 84, 0
2, 156753, Note_on_c, 0, 72, 0
2, 156754, Control_c, 0, 64, 0
2, 156756, Note_on_c, 0, 89, 0
2, 156764, Note_on_c, 0, 58, 0
2, 156764, Note_on_c, 0, 70, 0
2, 156764, Note_on_c, 0, 77, 0
2, 156799, Note_on_c, 0, 82, 109
2, 156802, Note_on_c, 0, 34, 105
2, 156803, Note_on_c, 0, 70, 111
2, 156806, Note_on_c, 0, 77, 100
2, 156813, Note_on_c, 0, 74, 81
2, 156848, Control_c, 0, 64, 127
2, 156922, Note_on_c, 0, 46, 69
2, 157051, Note_on_c, 0, 62, 82
2, 157052, Note_on_c, 0, 58, 82
2, 157155, Note_on_c, 0, 46, 0
2, 157163, Note_on_c, 0, 46, 88
2, 157163, Note_on_c, 0, 70, 0
2, 157166, Note_on_c, 0, 79, 103
2, 157168, Note_on_c, 0, 67, 95
2, 157169, Note_on_c, 0, 70, 85
2, 157286, Note_on_c, 0, 77, 0
2, 157294, Note_on_c, 0, 46, 0
2, 157294, Note_on_c, 0, 70, 0
2, 157297, Note_on_c, 0, 77, 99
2, 157298, Note_on_c, 0, 46, 84
2, 157300, Note_on_c, 0, 70, 93
2, 157301, Note_on_c, 0, 74, 0
2, 157301, Note_on_c, 0, 65, 98
2, 157306, Note_on_c, 0, 74, 77
2, 157416, Note_on_c, 0, 46, 0
2, 157420, Note_on_c, 0, 46, 96
2, 157539, Note_on_c, 0, 58, 0
2, 157539, Note_on_c, 0, 62, 0
2, 157550, Note_on_c, 0, 62, 76
2, 157550, Note_on_c, 0, 58, 88
2, 157558, Note_on_c, 0, 55, 74
2, 157562, Note_on_c, 0, 55, 0
2, 157655, Note_on_c, 0, 46, 0
2, 157662, Note_on_c, 0, 74, 0
2, 157666, Note_on_c, 0, 46, 68
2, 157670, Note_on_c, 0, 67, 0
2, 157670, Note_on_c, 0, 70, 0
2, 157674, Note_on_c, 0, 74, 100
2, 157679, Note_on_c, 0, 70, 72
2, 157681, Note_on_c, 0, 67, 59
2, 157697, Note_on_c, 0, 41, 56
2, 157759, Note_on_c, 0, 82, 0
2, 157760, Note_on_c, 0, 79, 0
2, 157760, Control_c, 0, 64, 0
2, 157760, Note_on_c, 0, 46, 0
2, 157760, Note_on_c, 0, 65, 0
2, 157761, Note_on_c, 0, 77, 0
2, 157761, Note_on_c, 0, 74, 0
2, 157762, Note_on_c, 0, 34, 0
2, 157762, Note_on_c, 0, 41, 0
2, 157770, Note_on_c, 0, 62, 0
2, 157777, Note_on_c, 0, 58, 0
2, 157785, Note_on_c, 0, 67, 0
2, 157791, Note_on_c, 0, 39, 92
2, 157793, Note_on_c, 0, 70, 0
2, 157794, Note_on_c, 0, 75, 107
2, 157795, Note_on_c, 0, 67, 102
2, 157797, Note_on_c, 0, 70, 98
2, 157831, Control_c, 0, 64, 127
2, 157914, Note_on_c, 0, 46, 69
2, 158046, Note_on_c, 0, 46, 0
2, 158051, Note_on_c, 0, 82, 99
2, 158054, Note_on_c, 0, 70, 0
2, 158055, Note_on_c, 0, 55, 73
2, 158056, Note_on_c, 0, 43, 68
2, 158056, Note_on_c, 0, 46, 71
2, 158062, Note_on_c, 0, 43, 0
2, 158063, Note_on_c, 0, 70, 77
2, 158156, Note_on_c, 0, 67, 0
2, 158157, Note_on_c, 0, 39, 0
2, 158157, Note_on_c, 0, 82, 0
2, 158158, Note_on_c, 0, 70, 0
2, 158158, Note_on_c, 0, 75, 0
2, 158158, Control_c, 0, 64, 0
2, 158174, Note_on_c, 0, 81, 111
2, 158177, Note_on_c, 0, 46, 0
2, 158183, Note_on_c, 0, 69, 102
2, 158185, Note_on_c, 0, 78, 99
2, 158185, Note_on_c, 0, 57, 84
2, 158189, Note_on_c, 0, 62, 64
2, 158189, Note_on_c, 0, 74, 90
2, 158192, Note_on_c, 0, 55, 0
2, 158194, Note_on_c, 0, 38, 77
2, 158284, Note_on_c, 0, 62, 0
2, 158292, Control_c, 0, 64, 127
2, 158424, Note_on_c, 0, 45, 85
2, 158430, Note_on_c, 0, 78, 0
2, 158436, Note_on_c, 0, 78, 92
2, 158545, Note_on_c, 0, 74, 0
2, 158552, Note_on_c, 0, 74, 99
2, 158557, Note_on_c, 0, 54, 88
2, 158559, Note_on_c, 0, 62, 75
2, 158571, Note_on_c, 0, 50, 66
2, 158663, Control_c, 0, 64, 0
2, 158663, Note_on_c, 0, 81, 0
2, 158664, Note_on_c, 0, 38, 0
2, 158664, Note_on_c, 0, 45, 0
2, 158664, Note_on_c, 0, 69, 0
2, 158665, Note_on_c, 0, 54, 0
2, 158665, Note_on_c, 0, 74, 0
2, 158665, Note_on_c, 0, 78, 0
2, 158676, Note_on_c, 0, 57, 0
2, 158680, Note_on_c, 0, 72, 110
2, 158684, Note_on_c, 0, 50, 0
2, 158684, Note_on_c, 0, 62, 0
2, 158685, Note_on_c, 0, 43, 91
2, 158687, Note_on_c, 0, 67, 94
2, 158687, Note_on_c, 0, 55, 93
2, 158688, Note_on_c, 0, 62, 84
2, 158760, Control_c, 0, 64, 127
2, 158942, Note_on_c, 0, 50, 83
2, 158950, Note_on_c, 0, 70, 93
2, 159060, Note_on_c, 0, 55, 0
2, 159069, Note_on_c, 0, 58, 99
2, 159070, Note_on_c, 0, 69, 101
2, 159071, Note_on_c, 0, 55, 93
2, 159183, Note_on_c, 0, 70, 0
2, 159188, Note_on_c, 0, 70, 101
2, 159248, Note_on_c, 0, 69, 0
2, 159248, Note_on_c, 0, 72, 0
2, 159248, Note_on_c, 0, 70, 0
2, 159248, Note_on_c, 0, 58, 0
2, 159249, Control_c, 0, 64, 0
2, 159260, Note_on_c, 0, 43, 0
2, 159260, Note_on_c, 0, 67, 0
2, 159267, Note_on_c, 0, 50, 0
2, 159267, Note_on_c, 0, 55, 0
2, 159267, Note_on_c, 0, 62, 0
2, 159303, Note_on_c, 0, 74, 110
2, 159308, Note_on_c, 0, 62, 103
2, 159309, Note_on_c, 0, 70, 97
2, 159312, Note_on_c, 0, 53, 91
2, 159314, Note_on_c, 0, 41, 90
2, 159342, Note_on_c, 0, 62, 0
2, 159343, Note_on_c, 0, 53, 0
2, 159347, Note_on_c, 0, 70, 0
2, 159351, Note_on_c, 0, 41, 0
2, 159383, Note_on_c, 0, 74, 0
2, 159477, Note_on_c, 0, 79, 112
2, 159480, Note_on_c, 0, 67, 106
2, 159481, Note_on_c, 0, 62, 96
2, 159483, Note_on_c, 0, 53, 91
2, 159485, Note_on_c, 0, 58, 94
2, 159510, Note_on_c, 0, 67, 0
2, 159512, Note_on_c, 0, 79, 0
2, 159513, Note_on_c, 0, 53, 0
2, 159517, Note_on_c, 0, 62, 0
2, 159519, Note_on_c, 0, 58, 0
2, 159639, Note_on_c, 0, 82, 110
2, 159639, Note_on_c, 0, 62, 90
2, 159642, Note_on_c, 0, 70, 105
2, 159645, Note_on_c, 0, 58, 92
2, 159646, Note_on_c, 0, 53, 86
2, 159675, Note_on_c, 0, 62, 0
2, 159678, Note_on_c, 0, 58, 0
2, 159678, Note_on_c, 0, 53, 0
2, 159681, Note_on_c, 0, 70, 0
2, 159686, Note_on_c, 0, 82, 0
2, 159799, Note_on_c, 0, 79, 111
2, 159800, Note_on_c, 0, 72, 113
2, 159800, Note_on_c, 0, 84, 113
2, 159800, Note_on_c, 0, 76, 110
2, 159803, Note_on_c, 0, 40, 105
2, 159828, Control_c, 0, 64, 127
2, 160054, Note_on_c, 0, 60, 87
2, 160073, Note_on_c, 0, 55, 76
2, 160158, Note_on_c, 0, 79, 0
2, 160169, Note_on_c, 0, 79, 104
2, 160185, Note_on_c, 0, 52, 79
2, 160289, Note_on_c, 0, 60, 0
2, 160289, Note_on_c, 0, 72, 0
2, 160289, Note_on_c, 0, 79, 0
2, 160293, Note_on_c, 0, 79, 111
2, 160296, Note_on_c, 0, 60, 84
2, 160296, Note_on_c, 0, 76, 0
2, 160298, Note_on_c, 0, 72, 95
2, 160301, Note_on_c, 0, 76, 96
2, 160302, Note_on_c, 0, 43, 64
2, 160427, Note_on_c, 0, 52, 0
2, 160437, Note_on_c, 0, 52, 80
2, 160550, Note_on_c, 0, 55, 0
2, 160550, Note_on_c, 0, 60, 0
2, 160556, Note_on_c, 0, 55, 86
2, 160556, Note_on_c, 0, 60, 86
2, 160657, Note_on_c, 0, 52, 0
2, 160667, Note_on_c, 0, 52, 91
2, 160680, Note_on_c, 0, 79, 0
2, 160690, Note_on_c, 0, 79, 103
2, 160707, Note_on_c, 0, 78, 53
2, 160711, Note_on_c, 0, 78, 0
2, 160769, Note_on_c, 0, 40, 0
2, 160770, Note_on_c, 0, 52, 0
2, 160771, Control_c, 0, 64, 0
2, 160771, Note_on_c, 0, 84, 0
2, 160771, Note_on_c, 0, 72, 0
2, 160771, Note_on_c, 0, 60, 0
2, 160772, Note_on_c, 0, 76, 0
2, 160772, Note_on_c, 0, 79, 0
2, 160772, Note_on_c, 0, 55, 0
2, 160780, Note_on_c, 0, 43, 0
2, 160806, Note_on_c, 0, 86, 109
2, 160807, Note_on_c, 0, 81, 105
2, 160809, Note_on_c, 0, 74, 111
2, 160810, Note_on_c, 0, 42, 98
2, 160813, Note_on_c, 0, 78, 110
2, 160849, Control_c, 0, 64, 127
2, 160938, Note_on_c, 0, 50, 80
2, 161058, Note_on_c, 0, 57, 88
2, 161059, Note_on_c, 0, 54, 83
2, 161164, Note_on_c, 0, 50, 0
2, 161169, Note_on_c, 0, 50, 68
2, 161268, Note_on_c, 0, 86, 0
2, 161268, Note_on_c, 0, 81, 0
2, 161268, Note_on_c, 0, 57, 0
2, 161268, Control_c, 0, 64, 0
2, 161268, Note_on_c, 0, 74, 0
2, 161268, Note_on_c, 0, 54, 0
2, 161280, Note_on_c, 0, 42, 0
2, 161295, Note_on_c, 0, 78, 0
2, 161299, Note_on_c, 0, 84, 110
2, 161300, Note_on_c, 0, 81, 107
2, 161302, Note_on_c, 0, 78, 107
2, 161304, Note_on_c, 0, 72, 113
2, 161308, Note_on_c, 0, 38, 98
2, 161333, Control_c, 0, 64, 127
2, 161441, Note_on_c, 0, 50, 0
2, 161450, Note_on_c, 0, 50, 79
2, 161574, Note_on_c, 0, 57, 98
2, 161577, Note_on_c, 0, 54, 87
2, 161620, Note_on_c, 0, 62, 74
2, 161621, Note_on_c, 0, 74, 89
2, 161664, Note_on_c, 0, 50, 0
2, 161671, Note_on_c, 0, 50, 88
2, 161671, Note_on_c, 0, 78, 0
2, 161679, Note_on_c, 0, 78, 84
2, 161710, Note_on_c, 0, 81, 0
2, 161716, Note_on_c, 0, 81, 96
2, 161792, Note_on_c, 0, 74, 0
2, 161792, Control_c, 0, 64, 0
2, 161792, Note_on_c, 0, 57, 0
2, 161793, Note_on_c, 0, 62, 0
2, 161793, Note_on_c, 0, 54, 0
2, 161794, Note_on_c, 0, 81, 0
2, 161809, Note_on_c, 0, 38, 0
2, 161809, Note_on_c, 0, 50, 0
2, 161809, Note_on_c, 0, 78, 0
2, 161809, Note_on_c, 0, 84, 0
2, 161817, Note_on_c, 0, 72, 0
2, 161820, Note_on_c, 0, 84, 115
2, 161820, Note_on_c, 0, 31, 94
2, 161824, Note_on_c, 0, 79, 104
2, 161824, Note_on_c, 0, 72, 110
2, 161857, Note_on_c, 0, 31, 0
2, 161863, Control_c, 0, 64, 127
2, 161926, Note_on_c, 0, 43, 72
2, 161953, Note_on_c, 0, 82, 94
2, 161958, Note_on_c, 0, 70, 95
2, 162059, Note_on_c, 0, 58, 95
2, 162063, Note_on_c, 0, 84, 0
2, 162071, Note_on_c, 0, 72, 0
2, 162071, Note_on_c, 0, 79, 0
2, 162071, Note_on_c, 0, 55, 84
2, 162074, Note_on_c, 0, 84, 105
2, 162077, Note_on_c, 0, 72, 107
2, 162081, Note_on_c, 0, 79, 100
2, 162186, Note_on_c, 0, 43, 0
2, 162186, Note_on_c, 0, 70, 0
2, 162186, Note_on_c, 0, 82, 0
2, 162193, Note_on_c, 0, 43, 88
2, 162195, Note_on_c, 0, 82, 98
2, 162197, Note_on_c, 0, 70, 106
2, 162309, Note_on_c, 0, 43, 0
2, 162309, Note_on_c, 0, 84, 0
2, 162316, Note_on_c, 0, 84, 105
2, 162316, Note_on_c, 0, 72, 0
2, 162316, Note_on_c, 0, 79, 0
2, 162319, Note_on_c, 0, 43, 97
2, 162320, Note_on_c, 0, 72, 103
2, 162327, Note_on_c, 0, 79, 97
2, 162432, Note_on_c, 0, 43, 0
2, 162432, Note_on_c, 0, 70, 0
2, 162432, Note_on_c, 0, 82, 0
2, 162440, Note_on_c, 0, 82, 94
2, 162442, Note_on_c, 0, 43, 82
2, 162443, Note_on_c, 0, 70, 102
2, 162554, Note_on_c, 0, 55, 0
2, 162554, Note_on_c, 0, 58, 0
2, 162554, Note_on_c, 0, 72, 0
2, 162554, Note_on_c, 0, 84, 0
2, 162559, Note_on_c, 0, 58, 87
2, 162559, Note_on_c, 0, 55, 76
2, 162562, Note_on_c, 0, 79, 0
2, 162562, Note_on_c, 0, 84, 105
2, 162564, Note_on_c, 0, 72, 106
2, 162567, Note_on_c, 0, 79, 75
2, 162575, Note_on_c, 0, 78, 66
2, 162677, Note_on_c, 0, 43, 0
2, 162677, Note_on_c, 0, 55, 0
2, 162682, Note_on_c, 0, 55, 78
2, 162685, Note_on_c, 0, 70, 0
2, 162685, Note_on_c, 0, 82, 0
2, 162689, Note_on_c, 0, 43, 76
2, 162689, Note_on_c, 0, 82, 99
2, 162689, Note_on_c, 0, 70, 101
2, 162785, Note_on_c, 0, 78, 0
2, 162788, Control_c, 0, 64, 0
2, 162789, Note_on_c, 0, 82, 0
2, 162789, Note_on_c, 0, 58, 0
2, 162789, Note_on_c, 0, 55, 0
2, 162789, Note_on_c, 0, 43, 0
2, 162789, Note_on_c, 0, 70, 0
2, 162808, Note_on_c, 0, 72, 0
2, 162808, Note_on_c, 0, 79, 0
2, 162808, Note_on_c, 0, 84, 0
2, 162810, Note_on_c, 0, 31, 85
2, 162812, Note_on_c, 0, 84, 112
2, 162818, Note_on_c, 0, 79, 104
2, 162818, Note_on_c, 0, 72, 112
2, 162834, Note_on_c, 0, 78, 77
2, 162869, Note_on_c, 0, 31, 0
2, 162869, Control_c, 0, 64, 127
2, 162911, Note_on_c, 0, 43, 78
2, 162939, Note_on_c, 0, 82, 98
2, 162945, Note_on_c, 0, 70, 95
2, 163046, Note_on_c, 0, 43, 0
2, 163046, Note_on_c, 0, 84, 0
2, 163054, Note_on_c, 0, 72, 0
2, 163054, Note_on_c, 0, 79, 0
2, 163057, Note_on_c, 0, 58, 92
2, 163057, Note_on_c, 0, 84, 107
2, 163057, Note_on_c, 0, 43, 81
2, 163057, Note_on_c, 0, 72, 108
2, 163061, Note_on_c, 0, 79, 101
2, 163169, Note_on_c, 0, 43, 0
2, 163169, Note_on_c, 0, 70, 0
2, 163169, Note_on_c, 0, 82, 0
2, 163176, Note_on_c, 0, 43, 87
2, 163176, Note_on_c, 0, 79, 0
2, 163177, Note_on_c, 0, 82, 95
2, 163179, Note_on_c, 0, 70, 101
2, 163183, Note_on_c, 0, 79, 83
2, 163187, Note_on_c, 0, 74, 73
2, 163284, Note_on_c, 0, 84, 0
2, 163292, Note_on_c, 0, 72, 0
2, 163292, Note_on_c, 0, 79, 0
2, 163295, Note_on_c, 0, 84, 106
2, 163299, Note_on_c, 0, 43, 0
2, 163300, Note_on_c, 0, 72, 100
2, 163301, Note_on_c, 0, 79, 89
2, 163311, Note_on_c, 0, 43, 86
2, 163415, Note_on_c, 0, 43, 0
2, 163415, Note_on_c, 0, 74, 0
2, 163419, Note_on_c, 0, 86, 105
2, 163422, Note_on_c, 0, 74, 106
2, 163422, Note_on_c, 0, 55, 88
2, 163425, Note_on_c, 0, 43, 92
2, 163530, Note_on_c, 0, 58, 0
2, 163530, Note_on_c, 0, 79, 0
2, 163530, Note_on_c, 0, 84, 0
2, 163534, Note_on_c, 0, 58, 94
2, 163537, Note_on_c, 0, 84, 108
2, 163537, Note_on_c, 0, 72, 0
2, 163541, Note_on_c, 0, 79, 101
2, 163542, Note_on_c, 0, 72, 104
2, 163645, Note_on_c, 0, 82, 0
2, 163649, Note_on_c, 0, 82, 96
2, 163653, Note_on_c, 0, 55, 0
2, 163660, Note_on_c, 0, 70, 0
2, 163664, Note_on_c, 0, 55, 79
2, 163664, Note_on_c, 0, 58, 0
2, 163668, Note_on_c, 0, 70, 97
2, 163755, Note_on_c, 0, 86, 0
2, 163755, Note_on_c, 0, 74, 0
2, 163756, Note_on_c, 0, 72, 0
2, 163756, Note_on_c, 0, 82, 0
2, 163756, Note_on_c, 0, 84, 0
2, 163756, Note_on_c, 0, 79, 0
2, 163757, Note_on_c, 0, 55, 0
2, 163757, Control_c, 0, 64, 0
2, 163768, Note_on_c, 0, 78, 0
2, 163776, Note_on_c, 0, 70, 0
2, 163782, Note_on_c, 0, 77, 115
2, 163783, Note_on_c, 0, 43, 0
2, 163786, Note_on_c, 0, 65, 110
2, 163787, Note_on_c, 0, 70, 110
2, 163789, Note_on_c, 0, 34, 103
2, 163837, Control_c, 0, 64, 127
2, 164036, Note_on_c, 0, 62, 91
2, 164039, Note_on_c, 0, 58, 85
2, 164152, Note_on_c, 0, 70, 0
2, 164154, Note_on_c, 0, 82, 108
2, 164157, Note_on_c, 0, 70, 96
2, 164158, Note_on_c, 0, 46, 92
2, 164267, Note_on_c, 0, 34, 0
2, 164267, Note_on_c, 0, 82, 0
2, 164272, Note_on_c, 0, 82, 104
2, 164273, Note_on_c, 0, 34, 82
2, 164275, Note_on_c, 0, 70, 0
2, 164275, Note_on_c, 0, 77, 0
2, 164279, Note_on_c, 0, 70, 97
2, 164279, Note_on_c, 0, 74, 94
2, 164280, Note_on_c, 0, 77, 91
2, 164398, Note_on_c, 0, 46, 0
2, 164405, Note_on_c, 0, 46, 91
2, 164528, Note_on_c, 0, 58, 0
2, 164528, Note_on_c, 0, 62, 0
2, 164534, Note_on_c, 0, 62, 105
2, 164539, Note_on_c, 0, 58, 96
2, 164651, Note_on_c, 0, 46, 0
2, 164662, Note_on_c, 0, 46, 87
2, 164769, Note_on_c, 0, 77, 0
2, 164769, Note_on_c, 0, 82, 0
2, 164769, Note_on_c, 0, 74, 0
2, 164770, Note_on_c, 0, 70, 0
2, 164770, Control_c, 0, 64, 0
2, 164774, Note_on_c, 0, 65, 0
2, 164782, Note_on_c, 0, 62, 0
2, 164789, Note_on_c, 0, 34, 0
2, 164789, Note_on_c, 0, 46, 0
2, 164789, Note_on_c, 0, 58, 0
2, 164793, Note_on_c, 0, 62, 73
2, 164793, Note_on_c, 0, 58, 90
2, 164793, Note_on_c, 0, 34, 105
2, 164843, Control_c, 0, 64, 127
2, 164858, Note_on_c, 0, 62, 0
2, 164916, Note_on_c, 0, 46, 84
2, 164939, Note_on_c, 0, 72, 106
2, 165050, Note_on_c, 0, 58, 0
2, 165054, Note_on_c, 0, 62, 86
2, 165058, Note_on_c, 0, 58, 85
2, 165173, Note_on_c, 0, 46, 0
2, 165182, Note_on_c, 0, 46, 93
2, 165187, Note_on_c, 0, 70, 98
2, 165288, Note_on_c, 0, 46, 0
2, 165294, Note_on_c, 0, 46, 84
2, 165404, Note_on_c, 0, 46, 0
2, 165413, Note_on_c, 0, 46, 87
2, 165542, Note_on_c, 0, 58, 0
2, 165542, Note_on_c, 0, 62, 0
2, 165548, Note_on_c, 0, 62, 100
2, 165552, Note_on_c, 0, 53, 82
2, 165552, Note_on_c, 0, 58, 95
2, 165634, Note_on_c, 0, 46, 0
2, 165645, Note_on_c, 0, 46, 101
2, 165665, Note_on_c, 0, 34, 0
2, 165665, Note_on_c, 0, 70, 0
2, 165670, Note_on_c, 0, 34, 76
2, 165671, Note_on_c, 0, 82, 104
2, 165673, Note_on_c, 0, 70, 103
2, 165753, Note_on_c, 0, 34, 0
2, 165754, Note_on_c, 0, 70, 0
2, 165755, Note_on_c, 0, 62, 0
2, 165755, Note_on_c, 0, 72, 0
2, 165756, Note_on_c, 0, 82, 0
2, 165757, Note_on_c, 0, 53, 0
2, 165757, Control_c, 0, 64, 0
2, 165772, Note_on_c, 0, 46, 0
2, 165772, Note_on_c, 0, 58, 0
2, 165788, Note_on_c, 0, 84, 110
2, 165789, Note_on_c, 0, 75, 103
2, 165790, Note_on_c, 0, 72, 108
2, 165793, Note_on_c, 0, 34, 82
2, 165834, Control_c, 0, 64, 127
2, 165918, Note_on_c, 0, 82, 102
2, 165921, Note_on_c, 0, 70, 102
2, 166026, Note_on_c, 0, 72, 0
2, 166026, Note_on_c, 0, 84, 0
2, 166031, Note_on_c, 0, 55, 98
2, 166036, Note_on_c, 0, 84, 104
2, 166037, Note_on_c, 0, 72, 105
2, 166041, Note_on_c, 0, 75, 0
2, 166046, Note_on_c, 0, 75, 96
2, 166149, Note_on_c, 0, 70, 0
2, 166149, Note_on_c, 0, 82, 0
2, 166159, Note_on_c, 0, 82, 99
2, 166159, Note_on_c, 0, 39, 90
2, 166160, Note_on_c, 0, 70, 97
2, 166161, Note_on_c, 0, 79, 82
2, 166163, Note_on_c, 0, 27, 85
2, 166264, Note_on_c, 0, 27, 0
2, 166264, Note_on_c, 0, 39, 0
2, 166268, Note_on_c, 0, 39, 92
2, 166272, Note_on_c, 0, 72, 0
2, 166272, Note_on_c, 0, 75, 0
2, 166272, Note_on_c, 0, 84, 0
2, 166272, Note_on_c, 0, 27, 93
2, 166276, Note_on_c, 0, 84, 104
2, 166282, Note_on_c, 0, 72, 103
2, 166283, Note_on_c, 0, 75, 97
2, 166387, Note_on_c, 0, 82, 0
2, 166393, Note_on_c, 0, 82, 103
2, 166394, Note_on_c, 0, 70, 0
2, 166397, Note_on_c, 0, 36, 85
2, 166400, Note_on_c, 0, 70, 105
2, 166402, Note_on_c, 0, 27, 0
2, 166402, Note_on_c, 0, 36, 0
2, 166410, Note_on_c, 0, 75, 0
2, 166413, Note_on_c, 0, 27, 86
2, 166420, Note_on_c, 0, 75, 67
2, 166510, Note_on_c, 0, 84, 0
2, 166517, Note_on_c, 0, 39, 0
2, 166517, Note_on_c, 0, 72, 0
2, 166517, Note_on_c, 0, 75, 0
2, 166521, Note_on_c, 0, 84, 106
2, 166522, Note_on_c, 0, 39, 97
2, 166523, Note_on_c, 0, 72, 105
2, 166527, Note_on_c, 0, 75, 101
2, 166625, Note_on_c, 0, 70, 0
2, 166625, Note_on_c, 0, 82, 0
2, 166634, Note_on_c, 0, 82, 104
2, 166635, Note_on_c, 0, 70, 107
2, 166735, Note_on_c, 0, 27, 0
2, 166736, Control_c, 0, 64, 0
2, 166736, Note_on_c, 0, 39, 0
2, 166737, Note_on_c, 0, 75, 0
2, 166737, Note_on_c, 0, 70, 0
2, 166740, Note_on_c, 0, 34, 0
2, 166748, Note_on_c, 0, 55, 0
2, 166755, Note_on_c, 0, 72, 0
2, 166755, Note_on_c, 0, 84, 0
2, 166759, Note_on_c, 0, 84, 112
2, 166760, Note_on_c, 0, 72, 113
2, 166762, Note_on_c, 0, 29, 82
2, 166766, Note_on_c, 0, 36, 81
2, 166766, Note_on_c, 0, 77, 107
2, 166801, Control_c, 0, 64, 127
2, 166809, Note_on_c, 0, 36, 0
2, 166862, Note_on_c, 0, 41, 50
2, 166878, Note_on_c, 0, 82, 0
2, 166889, Note_on_c, 0, 82, 101
2, 166889, Note_on_c, 0, 70, 105
2, 167001, Note_on_c, 0, 41, 0
2, 167001, Note_on_c, 0, 72, 0
2, 167001, Note_on_c, 0, 77, 0
2, 167001, Note_on_c, 0, 84, 0
2, 167002, Note_on_c, 0, 57, 92
2, 167005, Note_on_c, 0, 53, 88
2, 167005, Note_on_c, 0, 84, 108
2, 167008, Note_on_c, 0, 72, 105
2, 167008, Note_on_c, 0, 41, 90
2, 167009, Note_on_c, 0, 77, 105
2, 167116, Note_on_c, 0, 82, 0
2, 167124, Note_on_c, 0, 70, 0
2, 167128, Note_on_c, 0, 82, 100
2, 167130, Note_on_c, 0, 70, 95
2, 167132, Note_on_c, 0, 77, 0
2, 167139, Note_on_c, 0, 77, 79
2, 167144, Note_on_c, 0, 40, 85
2, 167232, Note_on_c, 0, 84, 0
2, 167239, Note_on_c, 0, 41, 0
2, 167239, Note_on_c, 0, 72, 0
2, 167243, Note_on_c, 0, 84, 109
2, 167245, Note_on_c, 0, 72, 105
2, 167245, Note_on_c, 0, 41, 96
2, 167247, Note_on_c, 0, 29, 0
2, 167253, Note_on_c, 0, 29, 82
2, 167354, Note_on_c, 0, 41, 0
2, 167362, Note_on_c, 0, 86, 108
2, 167362, Note_on_c, 0, 70, 0
2, 167362, Note_on_c, 0, 77, 0
2, 167363, Note_on_c, 0, 41, 82
2, 167369, Note_on_c, 0, 70, 89
2, 167370, Note_on_c, 0, 74, 94
2, 167372, Note_on_c, 0, 77, 87
2, 167477, Note_on_c, 0, 53, 0
2, 167477, Note_on_c, 0, 72, 0
2, 167477, Note_on_c, 0, 77, 0
2, 167477, Note_on_c, 0, 84, 0
2, 167482, Note_on_c, 0, 72, 101
2, 167482, Note_on_c, 0, 84, 99
2, 167485, Note_on_c, 0, 53, 87
2, 167485, Note_on_c, 0, 57, 0
2, 167486, Note_on_c, 0, 65, 91
2, 167489, Note_on_c, 0, 77, 102
2, 167493, Note_on_c, 0, 65, 0
2, 167493, Note_on_c, 0, 57, 80
2, 167503, Note_on_c, 0, 76, 79
2, 167508, Note_on_c, 0, 76, 0
2, 167592, Note_on_c, 0, 41, 0
2, 167592, Note_on_c, 0, 82, 0
2, 167600, Note_on_c, 0, 41, 96
2, 167600, Note_on_c, 0, 70, 0
2, 167603, Note_on_c, 0, 82, 111
2, 167608, Note_on_c, 0, 70, 104
2, 167705, Note_on_c, 0, 41, 0
2, 167706, Note_on_c, 0, 82, 0
2, 167706, Note_on_c, 0, 86, 0
2, 167707, Note_on_c, 0, 53, 0
2, 167707, Note_on_c, 0, 72, 0
2, 167708, Note_on_c, 0, 57, 0
2, 167709, Note_on_c, 0, 84, 0
2, 167709, Control_c, 0, 64, 0
2, 167715, Note_on_c, 0, 29, 0
2, 167715, Note_on_c, 0, 79, 0
2, 167723, Note_on_c, 0, 40, 0
2, 167723, Note_on_c, 0, 77, 0
2, 167731, Note_on_c, 0, 70, 0
2, 167733, Note_on_c, 0, 77, 113
2, 167733, Note_on_c, 0, 65, 107
2, 167733, Note_on_c, 0, 46, 108
2, 167734, Note_on_c, 0, 34, 105
2, 167735, Note_on_c, 0, 70, 107
2, 167784, Control_c, 0, 64, 127
2, 167846, Note_on_c, 0, 46, 0
2, 167850, Note_on_c, 0, 46, 47
2, 167984, Note_on_c, 0, 70, 0
2, 167987, Note_on_c, 0, 62, 87
2, 167988, Note_on_c, 0, 58, 83
2, 167990, Note_on_c, 0, 70, 85
2, 168092, Note_on_c, 0, 34, 0
2, 168092, Note_on_c, 0, 46, 0
2, 168096, Note_on_c, 0, 46, 94
2, 168099, Note_on_c, 0, 70, 0
2, 168099, Note_on_c, 0, 74, 0
2, 168100, Note_on_c, 0, 82, 107
2, 168103, Note_on_c, 0, 34, 74
2, 168104, Note_on_c, 0, 70, 100
2, 168109, Note_on_c, 0, 74, 80
2, 168215, Note_on_c, 0, 34, 0
2, 168215, Note_on_c, 0, 46, 0
2, 168219, Note_on_c, 0, 46, 93
2, 168222, Note_on_c, 0, 70, 0
2, 168222, Note_on_c, 0, 74, 0
2, 168222, Note_on_c, 0, 77, 0
2, 168222, Note_on_c, 0, 82, 0
2, 168225, Note_on_c, 0, 34, 81
2, 168226, Note_on_c, 0, 70, 104
2, 168226, Note_on_c, 0, 74, 95
2, 168226, Note_on_c, 0, 82, 97
2, 168231, Note_on_c, 0, 77, 86
2, 168345, Note_on_c, 0, 34, 0
2, 168345, Note_on_c, 0, 46, 0
2, 168351, Note_on_c, 0, 46, 84
2, 168353, Note_on_c, 0, 70, 0
2, 168353, Note_on_c, 0, 34, 72
2, 168353, Note_on_c, 0, 41, 66
2, 168360, Note_on_c, 0, 70, 84
2, 168460, Note_on_c, 0, 58, 0
2, 168460, Note_on_c, 0, 62, 0
2, 168460, Note_on_c, 0, 70, 0
2, 168468, Note_on_c, 0, 62, 87
2, 168469, Note_on_c, 0, 58, 91
2, 168471, Note_on_c, 0, 70, 89
2, 168576, Note_on_c, 0, 46, 0
2, 168587, Note_on_c, 0, 46, 89
2, 168588, Note_on_c, 0, 84, 108
2, 168589, Note_on_c, 0, 72, 105
2, 168668, Note_on_c, 0, 41, 0
2, 168670, Note_on_c, 0, 74, 0
2, 168671, Note_on_c, 0, 77, 0
2, 168671, Note_on_c, 0, 82, 0
2, 168671, Note_on_c, 0, 72, 0
2, 168672, Note_on_c, 0, 84, 0
2, 168672, Note_on_c, 0, 70, 0
2, 168672, Control_c, 0, 64, 0
2, 168683, Note_on_c, 0, 58, 0
2, 168683, Note_on_c, 0, 62, 0
2, 168683, Note_on_c, 0, 65, 0
2, 168691, Note_on_c, 0, 34, 0
2, 168691, Note_on_c, 0, 46, 0
2, 168711, Note_on_c, 0, 34, 105
2, 168714, Note_on_c, 0, 87, 110
2, 168717, Note_on_c, 0, 82, 110
2, 168717, Note_on_c, 0, 75, 108
2, 168783, Control_c, 0, 64, 127
2, 168826, Note_on_c, 0, 46, 89
2, 168957, Note_on_c, 0, 62, 91
2, 168963, Note_on_c, 0, 58, 85
2, 168971, Note_on_c, 0, 53, 66
2, 169067, Note_on_c, 0, 46, 0
2, 169069, Note_on_c, 0, 86, 100
2, 169075, Note_on_c, 0, 34, 0
2, 169078, Note_on_c, 0, 46, 89
2, 169079, Note_on_c, 0, 74, 98
2, 169083, Note_on_c, 0, 34, 76
2, 169198, Note_on_c, 0, 46, 0
2, 169198, Note_on_c, 0, 82, 0
2, 169205, Note_on_c, 0, 34, 0
2, 169205, Note_on_c, 0, 74, 0
2, 169206, Note_on_c, 0, 82, 107
2, 169206, Note_on_c, 0, 46, 90
2, 169210, Note_on_c, 0, 34, 80
2, 169210, Note_on_c, 0, 70, 100
2, 169213, Note_on_c, 0, 74, 87
2, 169320, Note_on_c, 0, 46, 0
2, 169326, Note_on_c, 0, 46, 95
2, 169443, Note_on_c, 0, 58, 0
2, 169443, Note_on_c, 0, 62, 0
2, 169453, Note_on_c, 0, 62, 86
2, 169455, Note_on_c, 0, 58, 90
2, 169461, Note_on_c, 0, 55, 73
2, 169479, Note_on_c, 0, 52, 44
2, 169489, Note_on_c, 0, 52, 0
2, 169551, Note_on_c, 0, 46, 0
2, 169556, Note_on_c, 0, 46, 86
2, 169559, Note_on_c, 0, 55, 0
2, 169567, Note_on_c, 0, 55, 54
2, 169579, Note_on_c, 0, 77, 102
2, 169582, Note_on_c, 0, 70, 0
2, 169586, Note_on_c, 0, 70, 65
2, 169638, Note_on_c, 0, 87, 0
2, 169638, Note_on_c, 0, 86, 0
2, 169638, Note_on_c, 0, 46, 0
2, 169639, Note_on_c, 0, 74, 0
2, 169639, Note_on_c, 0, 77, 0
2, 169639, Note_on_c, 0, 82, 0
2, 169639, Note_on_c, 0, 75, 0
2, 169639, Note_on_c, 0, 70, 0
2, 169640, Control_c, 0, 64, 0
2, 169643, Note_on_c, 0, 53, 0
2, 169651, Note_on_c, 0, 34, 0
2, 169651, Note_on_c, 0, 55, 0
2, 169651, Note_on_c, 0, 58, 0
2, 169651, Note_on_c, 0, 62, 0
2, 169686, Note_on_c, 0, 40, 103
2, 169687, Note_on_c, 0, 67, 102
2, 169688, Note_on_c, 0, 76, 109
2, 169690, Note_on_c, 0, 72, 103
2, 169720, Control_c, 0, 64, 127
2, 169799, Note_on_c, 0, 52, 88
2, 169920, Note_on_c, 0, 52, 0
2, 169927, Note_on_c, 0, 72, 0
2, 169930, Note_on_c, 0, 52, 93
2, 169931, Note_on_c, 0, 60, 92
2, 169937, Note_on_c, 0, 84, 100
2, 169938, Note_on_c, 0, 72, 98
2, 169939, Note_on_c, 0, 55, 79
2, 169987, Control_c, 0, 64, 0
2, 169987, Note_on_c, 0, 52, 0
2, 169988, Note_on_c, 0, 76, 0
2, 169988, Note_on_c, 0, 60, 0
2, 169989, Note_on_c, 0, 67, 0
2, 169989, Note_on_c, 0, 72, 0
2, 169991, Note_on_c, 0, 84, 0
2, 170004, Note_on_c, 0, 40, 0
2, 170012, Note_on_c, 0, 55, 0
2, 170070, Note_on_c, 0, 84, 108
2, 170070, Note_on_c, 0, 40, 92
2, 170075, Note_on_c, 0, 79, 104
2, 170075, Note_on_c, 0, 76, 103
2, 170096, Control_c, 0, 64, 127
2, 170304, Note_on_c, 0, 40, 0
2, 170307, Note_on_c, 0, 40, 73
2, 170320, Note_on_c, 0, 82, 93
2, 170434, Note_on_c, 0, 82, 0
2, 170444, Note_on_c, 0, 82, 104
2, 170444, Note_on_c, 0, 52, 90
2, 170450, Note_on_c, 0, 59, 85
2, 170451, Note_on_c, 0, 55, 79
2, 170549, Note_on_c, 0, 84, 0
2, 170556, Note_on_c, 0, 84, 109
2, 170639, Note_on_c, 0, 82, 0
2, 170639, Control_c, 0, 64, 0
2, 170640, Note_on_c, 0, 76, 0
2, 170640, Note_on_c, 0, 79, 0
2, 170642, Note_on_c, 0, 55, 0
2, 170642, Note_on_c, 0, 84, 0
2, 170649, Note_on_c, 0, 52, 0
2, 170649, Note_on_c, 0, 59, 0
2, 170657, Note_on_c, 0, 40, 0
2, 170681, Note_on_c, 0, 86, 112
2, 170685, Note_on_c, 0, 79, 103
2, 170685, Note_on_c, 0, 82, 108
2, 170686, Note_on_c, 0, 74, 110
2, 170690, Note_on_c, 0, 39, 93
2, 170734, Control_c, 0, 64, 127
2, 170795, Note_on_c, 0, 51, 93
2, 170918, Note_on_c, 0, 51, 0
2, 170923, Note_on_c, 0, 60, 100
2, 170924, Note_on_c, 0, 48, 72
2, 170929, Note_on_c, 0, 51, 88
2, 170959, Note_on_c, 0, 87, 106
2, 170962, Note_on_c, 0, 75, 97
2, 171052, Note_on_c, 0, 84, 112
2, 171056, Note_on_c, 0, 72, 109
2, 171056, Note_on_c, 0, 39, 0
2, 171062, Note_on_c, 0, 39, 87
2, 171080, Note_on_c, 0, 82, 0
2, 171081, Note_on_c, 0, 79, 0
2, 171081, Note_on_c, 0, 86, 0
2, 171083, Note_on_c, 0, 87, 0
2, 171083, Control_c, 0, 64, 0
2, 171083, Note_on_c, 0, 75, 0
2, 171084, Note_on_c, 0, 60, 0
2, 171095, Note_on_c, 0, 74, 0
2, 171102, Note_on_c, 0, 48, 0
2, 171156, Control_c, 0, 64, 127
2, 171302, Note_on_c, 0, 39, 0
2, 171307, Note_on_c, 0, 82, 99
2, 171307, Note_on_c, 0, 39, 91
2, 171313, Note_on_c, 0, 70, 98
2, 171440, Note_on_c, 0, 51, 0
2, 171441, Note_on_c, 0, 60, 97
2, 171444, Note_on_c, 0, 51, 90
2, 171548, Note_on_c, 0, 70, 0
2, 171548, Note_on_c, 0, 82, 0
2, 171558, Note_on_c, 0, 82, 109
2, 171559, Note_on_c, 0, 70, 105
2, 171632, Note_on_c, 0, 51, 0
2, 171632, Note_on_c, 0, 72, 0
2, 171633, Note_on_c, 0, 39, 0
2, 171633, Note_on_c, 0, 84, 0
2, 171634, Note_on_c, 0, 60, 0
2, 171634, Control_c, 0, 64, 0
2, 171640, Note_on_c, 0, 70, 0
2, 171663, Note_on_c, 0, 82, 0
2, 171674, Note_on_c, 0, 82, 110
2, 171675, Note_on_c, 0, 74, 103
2, 171676, Note_on_c, 0, 70, 108
2, 171676, Note_on_c, 0, 38, 97
2, 171677, Note_on_c, 0, 77, 98
2, 171701, Control_c, 0, 64, 127
2, 171791, Note_on_c, 0, 50, 81
2, 171921, Note_on_c, 0, 62, 99
2, 171922, Note_on_c, 0, 84, 101
2, 171927, Note_on_c, 0, 72, 104
2, 171928, Note_on_c, 0, 53, 91
2, 171929, Note_on_c, 0, 58, 87
2, 171979, Note_on_c, 0, 50, 0
2, 171979, Note_on_c, 0, 62, 0
2, 171980, Note_on_c, 0, 74, 0
2, 171981, Note_on_c, 0, 70, 0
2, 171981, Note_on_c, 0, 53, 0
2, 171981, Note_on_c, 0, 77, 0
2, 171981, Control_c, 0, 64, 0
2, 171982, Note_on_c, 0, 82, 0
2, 171982, Note_on_c, 0, 58, 0
2, 171982, Note_on_c, 0, 72, 0
2, 171982, Note_on_c, 0, 84, 0
2, 171993, Note_on_c, 0, 38, 0
2, 172053, Note_on_c, 0, 86, 108
2, 172058, Note_on_c, 0, 38, 100
2, 172058, Note_on_c, 0, 74, 110
2, 172059, Note_on_c, 0, 50, 102
2, 172059, Note_on_c, 0, 77, 101
2, 172065, Note_on_c, 0, 82, 88
2, 172087, Note_on_c, 0, 74, 0
2, 172092, Note_on_c, 0, 86, 0
2, 172094, Note_on_c, 0, 82, 0
2, 172095, Note_on_c, 0, 38, 0
2, 172116, Note_on_c, 0, 50, 0
2, 172116, Note_on_c, 0, 77, 0
2, 172313, Note_on_c, 0, 82, 109
2, 172315, Note_on_c, 0, 74, 94
2, 172316, Note_on_c, 0, 38, 96
2, 172317, Note_on_c, 0, 50, 94
2, 172317, Note_on_c, 0, 78, 95
2, 172318, Note_on_c, 0, 70, 104
2, 172318, Note_on_c, 0, 41, 74
2, 172322, Note_on_c, 0, 77, 90
2, 172323, Note_on_c, 0, 41, 0
2, 172350, Note_on_c, 0, 50, 0
2, 172350, Note_on_c, 0, 38, 0
2, 172350, Note_on_c, 0, 74, 0
2, 172351, Note_on_c, 0, 77, 0
2, 172356, Note_on_c, 0, 82, 0
2, 172377, Note_on_c, 0, 70, 0
2, 172392, Note_on_c, 0, 78, 0
2, 172574, Note_on_c, 0, 84, 108
2, 172574, Note_on_c, 0, 72, 109
2, 172575, Note_on_c, 0, 79, 107
2, 172580, Note_on_c, 0, 76, 104
2, 172590, Note_on_c, 0, 40, 97
2, 172590, Note_on_c, 0, 52, 96
2, 172608, Control_c, 0, 64, 127
2, 172838, Note_on_c, 0, 52, 0
2, 172845, Note_on_c, 0, 52, 76
2, 172878, Note_on_c, 0, 41, 25
2, 172884, Note_on_c, 0, 41, 0
2, 172945, Note_on_c, 0, 79, 0
2, 172953, Note_on_c, 0, 82, 105
2, 172955, Note_on_c, 0, 64, 105
2, 172956, Note_on_c, 0, 79, 80
2, 172963, Note_on_c, 0, 55, 97
2, 172966, Note_on_c, 0, 60, 77
2, 172990, Note_on_c, 0, 40, 0
2, 172994, Note_on_c, 0, 76, 0
2, 172995, Note_on_c, 0, 84, 0
2, 173199, Note_on_c, 0, 79, 0
2, 173208, Note_on_c, 0, 79, 109
2, 173211, Note_on_c, 0, 67, 106
2, 173224, Note_on_c, 0, 36, 96
2, 173292, Control_c, 0, 64, 0
2, 173293, Note_on_c, 0, 64, 0
2, 173294, Note_on_c, 0, 55, 0
2, 173294, Note_on_c, 0, 67, 0
2, 173295, Note_on_c, 0, 72, 0
2, 173295, Note_on_c, 0, 79, 0
2, 173295, Note_on_c, 0, 82, 0
2, 173306, Note_on_c, 0, 52, 0
2, 173306, Note_on_c, 0, 60, 0
2, 173322, Note_on_c, 0, 36, 0
2, 173341, Note_on_c, 0, 81, 112
2, 173343, Note_on_c, 0, 36, 86
2, 173345, Note_on_c, 0, 69, 105
2, 173368, Control_c, 0, 64, 127
2, 173595, Note_on_c, 0, 82, 114
2, 173599, Note_on_c, 0, 79, 104
2, 173600, Note_on_c, 0, 43, 74
2, 173601, Note_on_c, 0, 70, 112
2, 173602, Note_on_c, 0, 75, 105
2, 173664, Note_on_c, 0, 36, 0
2, 173664, Control_c, 0, 64, 0
2, 173665, Note_on_c, 0, 81, 0
2, 173667, Note_on_c, 0, 69, 0
2, 173690, Note_on_c, 0, 43, 0
2, 173723, Note_on_c, 0, 51, 93
2, 173725, Note_on_c, 0, 39, 85
2, 173736, Control_c, 0, 64, 127
2, 173829, Note_on_c, 0, 39, 0
2, 173840, Note_on_c, 0, 39, 85
2, 173840, Note_on_c, 0, 27, 77
2, 173844, Note_on_c, 0, 27, 0
2, 173982, Note_on_c, 0, 51, 0
2, 173987, Note_on_c, 0, 46, 71
2, 173988, Note_on_c, 0, 51, 78
2, 173989, Note_on_c, 0, 55, 69
2, 174097, Note_on_c, 0, 39, 0
2, 174107, Note_on_c, 0, 39, 77
2, 174366, Note_on_c, 0, 39, 0
2, 174366, Note_on_c, 0, 55, 0
2, 174374, Note_on_c, 0, 39, 74
2, 174377, Note_on_c, 0, 55, 68
2, 174378, Note_on_c, 0, 61, 87
2, 174497, Note_on_c, 0, 55, 0
2, 174499, Note_on_c, 0, 60, 91
2, 174502, Note_on_c, 0, 55, 84
2, 174504, Note_on_c, 0, 46, 0
2, 174504, Note_on_c, 0, 51, 0
2, 174510, Note_on_c, 0, 46, 74
2, 174514, Note_on_c, 0, 51, 68
2, 174612, Note_on_c, 0, 39, 0
2, 174612, Note_on_c, 0, 55, 0
2, 174618, Note_on_c, 0, 58, 93
2, 174620, Note_on_c, 0, 55, 71
2, 174621, Note_on_c, 0, 39, 72
2, 174635, Note_on_c, 0, 61, 0
2, 174640, Note_on_c, 0, 61, 60
2, 174698, Control_c, 0, 64, 0
2, 174700, Note_on_c, 0, 60, 0
2, 174700, Note_on_c, 0, 46, 0
2, 174700, Note_on_c, 0, 55, 0
2, 174700, Note_on_c, 0, 61, 0
2, 174701, Note_on_c, 0, 51, 0
2, 174702, Note_on_c, 0, 58, 0
2, 174712, Note_on_c, 0, 75, 0
2, 174712, Note_on_c, 0, 82, 0
2, 174743, Note_on_c, 0, 39, 0
2, 174752, Note_on_c, 0, 39, 82
2, 174789, Control_c, 0, 64, 127
2, 174865, Note_on_c, 0, 39, 0
2, 174876, Note_on_c, 0, 39, 75
2, 174876, Note_on_c, 0, 27, 77
2, 174881, Note_on_c, 0, 27, 0
2, 175007, Note_on_c, 0, 51, 77
2, 175008, Note_on_c, 0, 46, 82
2, 175011, Note_on_c, 0, 55, 76
2, 175111, Note_on_c, 0, 39, 0
2, 175122, Note_on_c, 0, 27, 84
2, 175123, Note_on_c, 0, 39, 88
2, 175127, Note_on_c, 0, 27, 0
2, 175242, Note_on_c, 0, 79, 0
2, 175249, Note_on_c, 0, 79, 108
2, 175253, Note_on_c, 0, 67, 103
2, 175365, Note_on_c, 0, 39, 0
2, 175374, Note_on_c, 0, 81, 112
2, 175374, Note_on_c, 0, 39, 80
2, 175377, Note_on_c, 0, 69, 106
2, 175495, Note_on_c, 0, 55, 0
2, 175503, Note_on_c, 0, 46, 0
2, 175503, Note_on_c, 0, 51, 0
2, 175506, Note_on_c, 0, 55, 91
2, 175510, Note_on_c, 0, 46, 84
2, 175513, Note_on_c, 0, 51, 72
2, 175633, Note_on_c, 0, 70, 0
2, 175639, Note_on_c, 0, 82, 114
2, 175643, Note_on_c, 0, 75, 107
2, 175644, Note_on_c, 0, 70, 108
2, 175645, Note_on_c, 0, 78, 103
2, 175699, Control_c, 0, 64, 0
2, 175700, Note_on_c, 0, 79, 0
2, 175700, Note_on_c, 0, 39, 0
2, 175701, Note_on_c, 0, 67, 0
2, 175701, Note_on_c, 0, 69, 0
2, 175702, Note_on_c, 0, 81, 0
2, 175703, Note_on_c, 0, 51, 0
2, 175718, Note_on_c, 0, 46, 0
2, 175718, Note_on_c, 0, 55, 0
2, 175766, Note_on_c, 0, 39, 85
2, 175772, Control_c, 0, 64, 127
2, 175895, Note_on_c, 0, 39, 0
2, 175900, Note_on_c, 0, 39, 73
2, 175902, Note_on_c, 0, 27, 71
2, 175910, Note_on_c, 0, 27, 0
2, 176018, Note_on_c, 0, 54, 70
2, 176020, Note_on_c, 0, 51, 67
2, 176020, Note_on_c, 0, 58, 72
2, 176039, Note_on_c, 0, 46, 69
2, 176140, Note_on_c, 0, 39, 0
2, 176140, Note_on_c, 0, 54, 0
2, 176146, Note_on_c, 0, 54, 75
2, 176147, Note_on_c, 0, 39, 84
2, 176386, Note_on_c, 0, 39, 0
2, 176396, Note_on_c, 0, 39, 65
2, 176398, Note_on_c, 0, 61, 88
2, 176524, Note_on_c, 0, 46, 0
2, 176525, Note_on_c, 0, 60, 93
2, 176529, Note_on_c, 0, 46, 68
2, 176534, Note_on_c, 0, 54, 0
2, 176632, Note_on_c, 0, 58, 0
2, 176639, Note_on_c, 0, 58, 95
2, 176663, Note_on_c, 0, 46, 0
2, 176666, Note_on_c, 0, 55, 53
2, 176667, Note_on_c, 0, 46, 65
2, 176678, Note_on_c, 0, 55, 0
2, 176706, Note_on_c, 0, 82, 0
2, 176706, Note_on_c, 0, 60, 0
2, 176706, Note_on_c, 0, 78, 0
2, 176708, Note_on_c, 0, 61, 0
2, 176710, Control_c, 0, 64, 0
2, 176716, Note_on_c, 0, 75, 0
2, 176724, Note_on_c, 0, 51, 0
2, 176724, Note_on_c, 0, 70, 0
2, 176762, Note_on_c, 0, 39, 0
2, 176772, Note_on_c, 0, 39, 75
2, 176775, Note_on_c, 0, 27, 66
2, 176785, Note_on_c, 0, 27, 0
2, 176793, Control_c, 0, 64, 127
2, 176816, Note_on_c, 0, 58, 0
2, 176885, Note_on_c, 0, 39, 0
2, 176894, Note_on_c, 0, 27, 75
2, 176894, Note_on_c, 0, 39, 79
2, 176901, Note_on_c, 0, 27, 0
2, 177000, Note_on_c, 0, 46, 0
2, 177005, Note_on_c, 0, 46, 85
2, 177005, Note_on_c, 0, 51, 81
2, 177005, Note_on_c, 0, 54, 83
2, 177108, Note_on_c, 0, 39, 0
2, 177115, Note_on_c, 0, 39, 90
2, 177118, Note_on_c, 0, 27, 89
2, 177123, Note_on_c, 0, 27, 0
2, 177208, Note_on_c, 0, 46, 0
2, 177209, Note_on_c, 0, 39, 0
2, 177209, Control_c, 0, 64, 0
2, 177210, Note_on_c, 0, 54, 0
2, 177223, Note_on_c, 0, 51, 0
2, 177251, Note_on_c, 0, 79, 115
2, 177258, Note_on_c, 0, 67, 111
2, 177261, Note_on_c, 0, 69, 96
2, 177264, Note_on_c, 0, 48, 94
2, 177265, Note_on_c, 0, 53, 102
2, 177266, Note_on_c, 0, 41, 98
2, 177269, Control_c, 0, 64, 127
2, 177377, Note_on_c, 0, 53, 0
2, 177377, Note_on_c, 0, 69, 0
2, 177382, Note_on_c, 0, 81, 113
2, 177384, Note_on_c, 0, 41, 0
2, 177384, Note_on_c, 0, 48, 0
2, 177388, Note_on_c, 0, 53, 98
2, 177388, Note_on_c, 0, 72, 94
2, 177388, Note_on_c, 0, 69, 110
2, 177388, Note_on_c, 0, 41, 85
2, 177389, Note_on_c, 0, 48, 88
2, 177732, Control_c, 0, 64, 0
2, 177740, Note_on_c, 0, 67, 0
2, 177740, Note_on_c, 0, 41, 0
2, 177740, Note_on_c, 0, 79, 0
2, 177741, Note_on_c, 0, 81, 0
2, 177741, Note_on_c, 0, 69, 0
2, 177745, Note_on_c, 0, 53, 0
2, 177753, Note_on_c, 0, 48, 0
2, 177753, Note_on_c, 0, 72, 0
2, 177795, Note_on_c, 0, 82, 114
2, 177800, Note_on_c, 0, 70, 110
2, 177801, Note_on_c, 0, 74, 103
2, 177801, Note_on_c, 0, 79, 106
2, 178014, Control_c, 0, 64, 127
2, 178331, Note_on_c, 0, 43, 87
2, 178387, Note_on_c, 0, 50, 84
2, 178442, Note_on_c, 0, 55, 98
2, 178529, Note_on_c, 0, 57, 100
2, 178583, Note_on_c, 0, 58, 93
2, 178586, Note_on_c, 0, 62, 91
2, 178650, Note_on_c, 0, 67, 98
2, 178668, Note_on_c, 0, 69, 96
2, 178740, Note_on_c, 0, 55, 0
2, 178740, Note_on_c, 0, 50, 0
2, 178740, Note_on_c, 0, 74, 0
2, 178740, Note_on_c, 0, 82, 0
2, 178740, Note_on_c, 0, 62, 0
2, 178741, Note_on_c, 0, 79, 0
2, 178741, Note_on_c, 0, 58, 0
2, 178741, Note_on_c, 0, 70, 0
2, 178741, Note_on_c, 0, 43, 0
2, 178741, Note_on_c, 0, 69, 0
2, 178741, Note_on_c, 0, 57, 0
2, 178741, Control_c, 0, 64, 0
2, 178741, Note_on_c, 0, 67, 0
2, 178803, Note_on_c, 0, 82, 112
2, 178808, Note_on_c, 0, 43, 108
2, 178809, Note_on_c, 0, 31, 108
2, 178811, Note_on_c, 0, 74, 100
2, 178811, Note_on_c, 0, 70, 106
2, 178828, Control_c, 0, 64, 127
2, 178944, Note_on_c, 0, 70, 0
2, 178953, Note_on_c, 0, 70, 89
2, 179059, Note_on_c, 0, 74, 0
2, 179064, Note_on_c, 0, 74, 85
2, 179070, Note_on_c, 0, 58, 88
2, 179072, Note_on_c, 0, 55, 79
2, 179182, Note_on_c, 0, 58, 0
2, 179182, Note_on_c, 0, 82, 0
2, 179190, Note_on_c, 0, 79, 95
2, 179191, Note_on_c, 0, 82, 97
2, 179191, Note_on_c, 0, 58, 85
2, 179193, Note_on_c, 0, 78, 70
2, 179205, Note_on_c, 0, 78, 0
2, 179297, Note_on_c, 0, 43, 0
2, 179297, Note_on_c, 0, 58, 0
2, 179297, Note_on_c, 0, 70, 0
2, 179297, Note_on_c, 0, 62, 73
2, 179301, Note_on_c, 0, 58, 90
2, 179302, Note_on_c, 0, 43, 78
2, 179304, Note_on_c, 0, 70, 95
2, 179420, Note_on_c, 0, 43, 0
2, 179420, Note_on_c, 0, 70, 0
2, 179427, Note_on_c, 0, 74, 0
2, 179429, Note_on_c, 0, 43, 81
2, 179431, Note_on_c, 0, 70, 77
2, 179437, Note_on_c, 0, 74, 86
2, 179550, Note_on_c, 0, 55, 0
2, 179550, Note_on_c, 0, 58, 0
2, 179550, Note_on_c, 0, 62, 0
2, 179555, Note_on_c, 0, 58, 86
2, 179558, Note_on_c, 0, 79, 0
2, 179558, Note_on_c, 0, 82, 0
2, 179559, Note_on_c, 0, 62, 51
2, 179561, Note_on_c, 0, 55, 82
2, 179566, Note_on_c, 0, 79, 99
2, 179568, Note_on_c, 0, 82, 102
2, 179665, Note_on_c, 0, 43, 0
2, 179673, Note_on_c, 0, 70, 0
2, 179676, Note_on_c, 0, 43, 90
2, 179681, Note_on_c, 0, 58, 0
2, 179684, Note_on_c, 0, 70, 91
2, 179690, Note_on_c, 0, 58, 83
2, 179796, Note_on_c, 0, 43, 0
2, 179796, Note_on_c, 0, 70, 0
2, 179796, Note_on_c, 0, 74, 0
2, 179804, Note_on_c, 0, 43, 81
2, 179806, Note_on_c, 0, 74, 97
2, 179806, Note_on_c, 0, 70, 76
2, 179911, Note_on_c, 0, 43, 0
2, 179911, Note_on_c, 0, 58, 0
2, 179915, Note_on_c, 0, 43, 85
2, 179919, Note_on_c, 0, 79, 0
2, 179919, Note_on_c, 0, 82, 0
2, 179922, Note_on_c, 0, 58, 86
2, 179929, Note_on_c, 0, 82, 104
2, 179930, Note_on_c, 0, 79, 96
2, 180026, Note_on_c, 0, 58, 0
2, 180034, Note_on_c, 0, 55, 0
2, 180037, Note_on_c, 0, 58, 95
2, 180039, Note_on_c, 0, 55, 88
2, 180042, Note_on_c, 0, 43, 0
2, 180042, Note_on_c, 0, 70, 0
2, 180053, Note_on_c, 0, 43, 84
2, 180053, Note_on_c, 0, 70, 89
2, 180157, Note_on_c, 0, 43, 0
2, 180157, Note_on_c, 0, 70, 0
2, 180165, Note_on_c, 0, 31, 0
2, 180165, Note_on_c, 0, 74, 0
2, 180167, Note_on_c, 0, 43, 89
2, 180168, Note_on_c, 0, 70, 81
2, 180169, Note_on_c, 0, 74, 98
2, 180169, Note_on_c, 0, 31, 74
2, 180288, Note_on_c, 0, 82, 0
2, 180295, Note_on_c, 0, 43, 0
2, 180295, Note_on_c, 0, 79, 0
2, 180298, Note_on_c, 0, 82, 109
2, 180299, Note_on_c, 0, 43, 83
2, 180305, Note_on_c, 0, 79, 107
2, 180403, Note_on_c, 0, 43, 0
2, 180407, Note_on_c, 0, 43, 94
2, 180412, Note_on_c, 0, 84, 111
2, 180533, Note_on_c, 0, 55, 0
2, 180533, Note_on_c, 0, 58, 0
2, 180533, Note_on_c, 0, 79, 0
2, 180533, Note_on_c, 0, 82, 0
2, 180543, Note_on_c, 0, 58, 88
2, 180543, Note_on_c, 0, 82, 100
2, 180544, Note_on_c, 0, 79, 104
2, 180544, Note_on_c, 0, 55, 89
2, 180625, Note_on_c, 0, 43, 0
2, 180629, Note_on_c, 0, 43, 87
2, 180633, Note_on_c, 0, 84, 0
2, 180640, Note_on_c, 0, 84, 98
2, 180645, Note_on_c, 0, 86, 77
2, 180738, Note_on_c, 0, 74, 0
2, 180739, Note_on_c, 0, 86, 0
2, 180739, Note_on_c, 0, 43, 0
2, 180739, Note_on_c, 0, 58, 0
2, 180739, Control_c, 0, 64, 0
2, 180740, Note_on_c, 0, 70, 0
2, 180740, Note_on_c, 0, 79, 0
2, 180741, Note_on_c, 0, 31, 0
2, 180748, Note_on_c, 0, 55, 0
2, 180756, Note_on_c, 0, 62, 0
2, 180756, Note_on_c, 0, 84, 0
2, 180771, Note_on_c, 0, 82, 0
2, 180781, Note_on_c, 0, 82, 104
2, 180782, Note_on_c, 0, 34, 113
2, 180783, Note_on_c, 0, 77, 109
2, 180802, Control_c, 0, 64, 127
2, 180935, Note_on_c, 0, 70, 93
2, 180937, Note_on_c, 0, 46, 76
2, 181041, Note_on_c, 0, 74, 102
2, 181043, Note_on_c, 0, 62, 90
2, 181044, Note_on_c, 0, 58, 77
2, 181155, Note_on_c, 0, 82, 0
2, 181163, Note_on_c, 0, 46, 0
2, 181163, Note_on_c, 0, 77, 0
2, 181167, Note_on_c, 0, 82, 105
2, 181168, Note_on_c, 0, 46, 95
2, 181173, Note_on_c, 0, 77, 89
2, 181278, Note_on_c, 0, 46, 0
2, 181278, Note_on_c, 0, 70, 0
2, 181278, Note_on_c, 0, 74, 0
2, 181286, Note_on_c, 0, 46, 85
2, 181289, Note_on_c, 0, 74, 74
2, 181289, Note_on_c, 0, 70, 99
2, 181409, Note_on_c, 0, 46, 0
2, 181409, Note_on_c, 0, 77, 0
2, 181416, Note_on_c, 0, 74, 0
2, 181419, Note_on_c, 0, 46, 78
2, 181419, Note_on_c, 0, 65, 76
2, 181420, Note_on_c, 0, 77, 72
2, 181420, Note_on_c, 0, 74, 89
2, 181424, Note_on_c, 0, 65, 0
2, 181532, Note_on_c, 0, 62, 0
2, 181532, Note_on_c, 0, 82, 0
2, 181539, Note_on_c, 0, 58, 0
2, 181539, Note_on_c, 0, 77, 0
2, 181543, Note_on_c, 0, 62, 90
2, 181543, Note_on_c, 0, 82, 106
2, 181544, Note_on_c, 0, 58, 101
2, 181550, Note_on_c, 0, 77, 95
2, 181655, Note_on_c, 0, 46, 0
2, 181655, Note_on_c, 0, 70, 0
2, 181660, Note_on_c, 0, 46, 87
2, 181663, Note_on_c, 0, 70, 94
2, 181777, Note_on_c, 0, 34, 0
2, 181777, Note_on_c, 0, 46, 0
2, 181777, Note_on_c, 0, 74, 0
2, 181785, Note_on_c, 0, 70, 0
2, 181786, Note_on_c, 0, 46, 86
2, 181788, Note_on_c, 0, 74, 98
2, 181788, Note_on_c, 0, 34, 75
2, 181789, Note_on_c, 0, 70, 78
2, 181900, Note_on_c, 0, 46, 0
2, 181900, Note_on_c, 0, 82, 0
2, 181908, Note_on_c, 0, 46, 102
2, 181908, Note_on_c, 0, 70, 0
2, 181908, Note_on_c, 0, 77, 0
2, 181908, Note_on_c, 0, 82, 107
2, 181912, Note_on_c, 0, 70, 97
2, 181919, Note_on_c, 0, 77, 84
2, 181934, Note_on_c, 0, 78, 60
2, 182023, Note_on_c, 0, 58, 0
2, 182023, Note_on_c, 0, 62, 0
2, 182023, Note_on_c, 0, 70, 0
2, 182030, Note_on_c, 0, 62, 89
2, 182033, Note_on_c, 0, 70, 99
2, 182034, Note_on_c, 0, 58, 90
2, 182138, Note_on_c, 0, 46, 0
2, 182138, Note_on_c, 0, 58, 0
2, 182138, Note_on_c, 0, 74, 0
2, 182145, Note_on_c, 0, 46, 85
2, 182146, Note_on_c, 0, 74, 92
2, 182146, Note_on_c, 0, 65, 69
2, 182149, Note_on_c, 0, 58, 84
2, 182154, Note_on_c, 0, 65, 0
2, 182261, Note_on_c, 0, 82, 0
2, 182269, Note_on_c, 0, 46, 0
2, 182269, Note_on_c, 0, 77, 0
2, 182273, Note_on_c, 0, 82, 109
2, 182277, Note_on_c, 0, 46, 94
2, 182280, Note_on_c, 0, 77, 100
2, 182392, Note_on_c, 0, 46, 0
2, 182392, Note_on_c, 0, 74, 0
2, 182395, Note_on_c, 0, 84, 107
2, 182397, Note_on_c, 0, 46, 86
2, 182401, Note_on_c, 0, 74, 86
2, 182515, Note_on_c, 0, 58, 0
2, 182515, Note_on_c, 0, 62, 0
2, 182515, Note_on_c, 0, 77, 0
2, 182515, Note_on_c, 0, 82, 0
2, 182519, Note_on_c, 0, 77, 103
2, 182519, Note_on_c, 0, 82, 107
2, 182525, Note_on_c, 0, 58, 93
2, 182525, Note_on_c, 0, 62, 96
2, 182525, Note_on_c, 0, 55, 79
2, 182615, Note_on_c, 0, 58, 0
2, 182621, Note_on_c, 0, 58, 94
2, 182622, Note_on_c, 0, 46, 0
2, 182622, Note_on_c, 0, 84, 0
2, 182628, Note_on_c, 0, 46, 91
2, 182633, Note_on_c, 0, 84, 101
2, 182705, Note_on_c, 0, 34, 0
2, 182709, Note_on_c, 0, 46, 0
2, 182709, Note_on_c, 0, 74, 0
2, 182709, Control_c, 0, 64, 0
2, 182709, Note_on_c, 0, 62, 0
2, 182709, Note_on_c, 0, 82, 0
2, 182709, Note_on_c, 0, 77, 0
2, 182710, Note_on_c, 0, 58, 0
2, 182710, Note_on_c, 0, 84, 0
2, 182722, Note_on_c, 0, 55, 0
2, 182722, Note_on_c, 0, 70, 0
2, 182722, Note_on_c, 0, 78, 0
2, 182763, Note_on_c, 0, 86, 109
2, 182770, Note_on_c, 0, 82, 110
2, 182771, Note_on_c, 0, 39, 106
2, 182772, Note_on_c, 0, 27, 106
2, 182776, Control_c, 0, 64, 127
2, 182881, Note_on_c, 0, 75, 92
2, 183006, Note_on_c, 0, 39, 0
2, 183008, Note_on_c, 0, 79, 102
2, 183014, Note_on_c, 0, 27, 0
2, 183018, Note_on_c, 0, 39, 71
2, 183018, Note_on_c, 0, 55, 77
2, 183019, Note_on_c, 0, 27, 72
2, 183023, Note_on_c, 0, 58, 77
2, 183129, Note_on_c, 0, 27, 0
2, 183129, Note_on_c, 0, 39, 0
2, 183129, Note_on_c, 0, 82, 0
2, 183129, Note_on_c, 0, 86, 0
2, 183137, Note_on_c, 0, 39, 92
2, 183138, Note_on_c, 0, 86, 96
2, 183139, Note_on_c, 0, 27, 96
2, 183141, Note_on_c, 0, 82, 97
2, 183144, Note_on_c, 0, 85, 85
2, 183252, Note_on_c, 0, 39, 0
2, 183252, Note_on_c, 0, 75, 0
2, 183260, Note_on_c, 0, 39, 91
2, 183261, Note_on_c, 0, 75, 99
2, 183367, Note_on_c, 0, 79, 0
2, 183375, Note_on_c, 0, 39, 0
2, 183376, Note_on_c, 0, 79, 95
2, 183385, Note_on_c, 0, 39, 82
2, 183490, Note_on_c, 0, 82, 0
2, 183490, Note_on_c, 0, 86, 0
2, 183495, Note_on_c, 0, 86, 100
2, 183498, Note_on_c, 0, 39, 0
2, 183501, Note_on_c, 0, 82, 99
2, 183502, Note_on_c, 0, 39, 88
2, 183505, Note_on_c, 0, 55, 0
2, 183515, Note_on_c, 0, 55, 81
2, 183605, Note_on_c, 0, 39, 0
2, 183611, Note_on_c, 0, 39, 86
2, 183613, Note_on_c, 0, 75, 0
2, 183614, Note_on_c, 0, 63, 91
2, 183618, Note_on_c, 0, 75, 99
2, 183701, Note_on_c, 0, 39, 0
2, 183701, Note_on_c, 0, 55, 0
2, 183702, Note_on_c, 0, 86, 0
2, 183702, Note_on_c, 0, 79, 0
2, 183702, Control_c, 0, 64, 0
2, 183702, Note_on_c, 0, 63, 0
2, 183702, Note_on_c, 0, 75, 0
2, 183705, Note_on_c, 0, 58, 0
2, 183713, Note_on_c, 0, 27, 0
2, 183713, Note_on_c, 0, 85, 0
2, 183744, Note_on_c, 0, 82, 0
2, 183748, Note_on_c, 0, 86, 105
2, 183748, Note_on_c, 0, 82, 113
2, 183755, Note_on_c, 0, 29, 89
2, 183758, Note_on_c, 0, 41, 95
2, 183774, Control_c, 0, 64, 127
2, 183875, Note_on_c, 0, 77, 97
2, 183988, Note_on_c, 0, 81, 108
2, 183997, Note_on_c, 0, 29, 0
2, 184001, Note_on_c, 0, 29, 72
2, 184005, Note_on_c, 0, 41, 0
2, 184007, Note_on_c, 0, 57, 88
2, 184010, Note_on_c, 0, 41, 72
2, 184112, Note_on_c, 0, 41, 0
2, 184112, Note_on_c, 0, 86, 0
2, 184120, Note_on_c, 0, 29, 0
2, 184120, Note_on_c, 0, 82, 0
2, 184123, Note_on_c, 0, 86, 104
2, 184123, Note_on_c, 0, 41, 82
2, 184124, Note_on_c, 0, 82, 103
2, 184125, Note_on_c, 0, 29, 77
2, 184235, Note_on_c, 0, 41, 0
2, 184241, Note_on_c, 0, 41, 84
2, 184243, Note_on_c, 0, 77, 0
2, 184248, Note_on_c, 0, 77, 101
2, 184350, Note_on_c, 0, 41, 0
2, 184358, Note_on_c, 0, 29, 0
2, 184358, Note_on_c, 0, 81, 0
2, 184360, Note_on_c, 0, 41, 77
2, 184362, Note_on_c, 0, 43, 74
2, 184363, Note_on_c, 0, 29, 66
2, 184366, Note_on_c, 0, 81, 109
2, 184473, Note_on_c, 0, 86, 0
2, 184484, Note_on_c, 0, 86, 107
2, 184488, Note_on_c, 0, 57, 0
2, 184488, Note_on_c, 0, 82, 0
2, 184490, Note_on_c, 0, 53, 92
2, 184494, Note_on_c, 0, 82, 103
2, 184500, Note_on_c, 0, 57, 92
2, 184573, Note_on_c, 0, 53, 0
2, 184581, Note_on_c, 0, 41, 0
2, 184584, Note_on_c, 0, 53, 48
2, 184589, Note_on_c, 0, 41, 59
2, 184590, Note_on_c, 0, 46, 66
2, 184596, Note_on_c, 0, 46, 0
2, 184611, Note_on_c, 0, 77, 0
2, 184621, Note_on_c, 0, 77, 97
2, 184676, Note_on_c, 0, 29, 0
2, 184677, Note_on_c, 0, 41, 0
2, 184677, Note_on_c, 0, 77, 0
2, 184677, Note_on_c, 0, 86, 0
2, 184677, Note_on_c, 0, 82, 0
2, 184678, Note_on_c, 0, 57, 0
2, 184678, Note_on_c, 0, 81, 0
2, 184680, Note_on_c, 0, 43, 0
2, 184682, Control_c, 0, 64, 0
2, 184688, Note_on_c, 0, 53, 0
2, 184736, Note_on_c, 0, 82, 110
2, 184737, Note_on_c, 0, 86, 113
2, 184739, Note_on_c, 0, 43, 102
2, 184741, Note_on_c, 0, 31, 99
2, 184743, Note_on_c, 0, 78, 94
2, 184753, Note_on_c, 0, 32, 91
2, 184757, Note_on_c, 0, 32, 0
2, 184765, Control_c, 0, 64, 127
2, 184854, Note_on_c, 0, 74, 87
2, 184880, Note_on_c, 0, 43, 0
2, 184887, Note_on_c, 0, 43, 22
2, 184977, Note_on_c, 0, 79, 108
2, 184990, Note_on_c, 0, 58, 91
2, 185103, Note_on_c, 0, 82, 0
2, 185103, Note_on_c, 0, 86, 0
2, 185111, Note_on_c, 0, 31, 0
2, 185111, Note_on_c, 0, 43, 0
2, 185114, Note_on_c, 0, 82, 97
2, 185114, Note_on_c, 0, 86, 102
2, 185115, Note_on_c, 0, 43, 91
2, 185120, Note_on_c, 0, 31, 82
2, 185226, Note_on_c, 0, 31, 0
2, 185226, Note_on_c, 0, 43, 0
2, 185226, Note_on_c, 0, 74, 0
2, 185235, Note_on_c, 0, 43, 94
2, 185235, Note_on_c, 0, 31, 81
2, 185236, Note_on_c, 0, 74, 95
2, 185341, Note_on_c, 0, 31, 0
2, 185341, Note_on_c, 0, 43, 0
2, 185341, Note_on_c, 0, 79, 0
2, 185348, Note_on_c, 0, 43, 85
2, 185350, Note_on_c, 0, 31, 77
2, 185351, Note_on_c, 0, 79, 97
2, 185472, Note_on_c, 0, 43, 0
2, 185472, Note_on_c, 0, 58, 0
2, 185472, Note_on_c, 0, 82, 0
2, 185478, Note_on_c, 0, 43, 77
2, 185479, Note_on_c, 0, 86, 0
2, 185482, Note_on_c, 0, 58, 94
2, 185483, Note_on_c, 0, 82, 100
2, 185484, Note_on_c, 0, 86, 102
2, 185587, Note_on_c, 0, 43, 0
2, 185593, Note_on_c, 0, 43, 87
2, 185594, Note_on_c, 0, 74, 0
2, 185598, Note_on_c, 0, 74, 101
2, 185710, Note_on_c, 0, 43, 0
2, 185710, Note_on_c, 0, 79, 0
2, 185717, Note_on_c, 0, 31, 0
2, 185720, Note_on_c, 0, 79, 102
2, 185721, Note_on_c, 0, 43, 79
2, 185726, Note_on_c, 0, 31, 70
2, 185840, Note_on_c, 0, 31, 0
2, 185840, Note_on_c, 0, 43, 0
2, 185840, Note_on_c, 0, 82, 0
2, 185840, Note_on_c, 0, 86, 0
2, 185844, Note_on_c, 0, 31, 73
2, 185844, Note_on_c, 0, 82, 105
2, 185844, Note_on_c, 0, 43, 77
2, 185845, Note_on_c, 0, 86, 103
2, 185955, Note_on_c, 0, 58, 0
2, 185955, Note_on_c, 0, 74, 0
2, 185961, Note_on_c, 0, 74, 103
2, 185963, Note_on_c, 0, 58, 82
2, 186063, Note_on_c, 0, 43, 0
2, 186063, Note_on_c, 0, 79, 0
2, 186068, Note_on_c, 0, 79, 106
2, 186071, Note_on_c, 0, 31, 0
2, 186073, Note_on_c, 0, 43, 85
2, 186076, Note_on_c, 0, 31, 69
2, 186193, Note_on_c, 0, 31, 0
2, 186193, Note_on_c, 0, 43, 0
2, 186193, Note_on_c, 0, 82, 0
2, 186197, Note_on_c, 0, 82, 108
2, 186198, Note_on_c, 0, 43, 82
2, 186199, Note_on_c, 0, 31, 67
2, 186201, Note_on_c, 0, 86, 0
2, 186206, Note_on_c, 0, 86, 82
2, 186316, Note_on_c, 0, 43, 0
2, 186326, Note_on_c, 0, 43, 75
2, 186424, Note_on_c, 0, 74, 0
2, 186432, Note_on_c, 0, 58, 0
2, 186435, Note_on_c, 0, 74, 111
2, 186441, Note_on_c, 0, 55, 88
2, 186443, Note_on_c, 0, 58, 86
2, 186463, Note_on_c, 0, 60, 60
2, 186465, Note_on_c, 0, 72, 82
2, 186470, Note_on_c, 0, 60, 0
2, 186541, Note_on_c, 0, 70, 98
2, 186554, Note_on_c, 0, 43, 0
2, 186561, Note_on_c, 0, 43, 71
2, 186584, Note_on_c, 0, 69, 74
2, 186656, Note_on_c, 0, 86, 0
2, 186657, Note_on_c, 0, 79, 0
2, 186657, Note_on_c, 0, 82, 0
2, 186658, Note_on_c, 0, 55, 0
2, 186658, Control_c, 0, 64, 0
2, 186670, Note_on_c, 0, 69, 0
2, 186670, Note_on_c, 0, 70, 0
2, 186670, Note_on_c, 0, 72, 0
2, 186670, Note_on_c, 0, 78, 0
2, 186677, Note_on_c, 0, 31, 0
2, 186677, Note_on_c, 0, 43, 0
2, 186677, Note_on_c, 0, 74, 0
2, 186679, Note_on_c, 0, 69, 112
2, 186685, Note_on_c, 0, 58, 0
2, 186686, Note_on_c, 0, 43, 94
2, 186709, Note_on_c, 0, 68, 72
2, 186731, Control_c, 0, 64, 127
2, 186810, Note_on_c, 0, 65, 93
2, 186829, Note_on_c, 0, 50, 63
2, 186868, Note_on_c, 0, 62, 88
2, 186938, Note_on_c, 0, 43, 0
2, 186938, Note_on_c, 0, 65, 0
2, 186942, Note_on_c, 0, 58, 88
2, 186946, Note_on_c, 0, 70, 89
2, 186947, Note_on_c, 0, 65, 95
2, 186949, Note_on_c, 0, 55, 89
2, 186950, Note_on_c, 0, 43, 79
2, 187000, Note_on_c, 0, 69, 0
2, 187011, Note_on_c, 0, 69, 85
2, 187012, Note_on_c, 0, 46, 68
2, 187054, Note_on_c, 0, 70, 0
2, 187064, Note_on_c, 0, 70, 113
2, 187123, Note_on_c, 0, 69, 0
2, 187133, Note_on_c, 0, 69, 80
2, 187184, Note_on_c, 0, 43, 0
2, 187195, Note_on_c, 0, 43, 68
2, 187200, Note_on_c, 0, 65, 0
2, 187204, Note_on_c, 0, 65, 89
2, 187276, Note_on_c, 0, 62, 0
2, 187283, Note_on_c, 0, 62, 81
2, 187284, Note_on_c, 0, 50, 0
2, 187294, Note_on_c, 0, 50, 67
2, 187322, Note_on_c, 0, 65, 0
2, 187330, Note_on_c, 0, 65, 82
2, 187384, Note_on_c, 0, 69, 0
2, 187389, Note_on_c, 0, 69, 84
2, 187430, Note_on_c, 0, 43, 0
2, 187430, Note_on_c, 0, 55, 0
2, 187430, Note_on_c, 0, 58, 0
2, 187430, Note_on_c, 0, 70, 0
2, 187436, Note_on_c, 0, 70, 109
2, 187437, Note_on_c, 0, 58, 94
2, 187440, Note_on_c, 0, 55, 85
2, 187441, Note_on_c, 0, 43, 80
2, 187499, Note_on_c, 0, 69, 0
2, 187503, Note_on_c, 0, 69, 65
2, 187504, Note_on_c, 0, 67, 63
2, 187560, Note_on_c, 0, 65, 0
2, 187571, Note_on_c, 0, 65, 84
2, 187599, Note_on_c, 0, 50, 0
2, 187610, Note_on_c, 0, 50, 61
2, 187630, Note_on_c, 0, 50, 0
2, 187630, Note_on_c, 0, 62, 0
2, 187636, Note_on_c, 0, 50, 65
2, 187640, Note_on_c, 0, 62, 94
2, 187691, Note_on_c, 0, 43, 0
2, 187691, Note_on_c, 0, 65, 0
2, 187691, Note_on_c, 0, 67, 0
2, 187695, Note_on_c, 0, 65, 87
2, 187697, Note_on_c, 0, 67, 80
2, 187699, Note_on_c, 0, 43, 84
2, 187752, Note_on_c, 0, 69, 0
2, 187760, Note_on_c, 0, 69, 78
2, 187799, Note_on_c, 0, 70, 0
2, 187808, Note_on_c, 0, 70, 110
2, 187868, Note_on_c, 0, 69, 0
2, 187875, Note_on_c, 0, 69, 85
2, 187921, Note_on_c, 0, 58, 0
2, 187933, Note_on_c, 0, 58, 78
2, 187952, Note_on_c, 0, 62, 0
2, 187959, Note_on_c, 0, 62, 93
2, 187960, Note_on_c, 0, 43, 0
2, 187960, Note_on_c, 0, 55, 0
2, 187969, Note_on_c, 0, 43, 69
2, 187971, Note_on_c, 0, 55, 73
2, 188029, Note_on_c, 0, 65, 0
2, 188039, Note_on_c, 0, 65, 82
2, 188060, Note_on_c, 0, 50, 0
2, 188066, Note_on_c, 0, 50, 71
2, 188090, Note_on_c, 0, 69, 0
2, 188098, Note_on_c, 0, 69, 71
2, 188152, Note_on_c, 0, 55, 0
2, 188152, Note_on_c, 0, 70, 0
2, 188158, Note_on_c, 0, 70, 98
2, 188160, Note_on_c, 0, 43, 0
2, 188163, Note_on_c, 0, 55, 85
2, 188164, Note_on_c, 0, 43, 87
2, 188206, Note_on_c, 0, 69, 0
2, 188213, Note_on_c, 0, 69, 87
2, 188267, Note_on_c, 0, 65, 0
2, 188276, Note_on_c, 0, 65, 92
2, 188344, Note_on_c, 0, 69, 0
2, 188354, Note_on_c, 0, 69, 96
2, 188390, Note_on_c, 0, 70, 0
2, 188398, Note_on_c, 0, 58, 0
2, 188401, Note_on_c, 0, 70, 95
2, 188403, Note_on_c, 0, 58, 91
2, 188405, Note_on_c, 0, 55, 0
2, 188410, Note_on_c, 0, 43, 0
2, 188417, Note_on_c, 0, 55, 73
2, 188474, Note_on_c, 0, 69, 0
2, 188478, Note_on_c, 0, 69, 81
2, 188520, Note_on_c, 0, 50, 0
2, 188520, Note_on_c, 0, 70, 0
2, 188527, Note_on_c, 0, 50, 69
2, 188530, Note_on_c, 0, 70, 93
2, 188580, Note_on_c, 0, 72, 93
2, 188623, Note_on_c, 0, 67, 0
2, 188624, Note_on_c, 0, 69, 0
2, 188624, Note_on_c, 0, 65, 0
2, 188624, Note_on_c, 0, 62, 0
2, 188624, Note_on_c, 0, 70, 0
2, 188624, Note_on_c, 0, 58, 0
2, 188627, Control_c, 0, 64, 0
2, 188628, Note_on_c, 0, 46, 0
2, 188629, Note_on_c, 0, 72, 0
2, 188636, Note_on_c, 0, 50, 0
2, 188636, Note_on_c, 0, 55, 0
2, 188636, Note_on_c, 0, 68, 0
2, 188645, Note_on_c, 0, 74, 113
2, 188656, Note_on_c, 0, 46, 91
2, 188712, Control_c, 0, 64, 127
2, 188727, Note_on_c, 0, 70, 91
2, 188781, Note_on_c, 0, 69, 80
2, 188847, Note_on_c, 0, 65, 91
2, 188897, Note_on_c, 0, 69, 0
2, 188900, Note_on_c, 0, 62, 83
2, 188907, Note_on_c, 0, 69, 87
2, 188909, Note_on_c, 0, 58, 80
2, 188974, Note_on_c, 0, 70, 0
2, 188982, Note_on_c, 0, 70, 89
2, 189020, Note_on_c, 0, 74, 0
2, 189028, Note_on_c, 0, 74, 111
2, 189096, Note_on_c, 0, 70, 0
2, 189101, Note_on_c, 0, 70, 85
2, 189143, Note_on_c, 0, 69, 0
2, 189150, Note_on_c, 0, 46, 0
2, 189150, Note_on_c, 0, 69, 76
2, 189161, Note_on_c, 0, 46, 76
2, 189196, Note_on_c, 0, 65, 0
2, 189206, Note_on_c, 0, 65, 92
2, 189273, Note_on_c, 0, 69, 0
2, 189277, Note_on_c, 0, 69, 90
2, 189284, Note_on_c, 0, 53, 78
2, 189342, Note_on_c, 0, 70, 0
2, 189353, Note_on_c, 0, 70, 82
2, 189388, Note_on_c, 0, 74, 0
2, 189396, Note_on_c, 0, 58, 0
2, 189396, Note_on_c, 0, 62, 0
2, 189399, Note_on_c, 0, 74, 112
2, 189405, Note_on_c, 0, 58, 92
2, 189405, Note_on_c, 0, 62, 92
2, 189465, Note_on_c, 0, 70, 0
2, 189470, Note_on_c, 0, 70, 88
2, 189496, Note_on_c, 0, 69, 0
2, 189502, Note_on_c, 0, 69, 77
2, 189542, Note_on_c, 0, 53, 0
2, 189552, Note_on_c, 0, 53, 79
2, 189565, Note_on_c, 0, 65, 0
2, 189569, Note_on_c, 0, 65, 89
2, 189634, Note_on_c, 0, 69, 0
2, 189642, Note_on_c, 0, 46, 0
2, 189643, Note_on_c, 0, 69, 86
2, 189648, Note_on_c, 0, 34, 74
2, 189653, Note_on_c, 0, 46, 78
2, 189657, Note_on_c, 0, 34, 0
2, 189688, Note_on_c, 0, 70, 0
2, 189697, Note_on_c, 0, 70, 84
2, 189742, Note_on_c, 0, 74, 0
2, 189753, Note_on_c, 0, 74, 110
2, 189765, Note_on_c, 0, 53, 0
2, 189773, Note_on_c, 0, 53, 72
2, 189784, Note_on_c, 0, 41, 51
2, 189811, Note_on_c, 0, 70, 0
2, 189818, Note_on_c, 0, 70, 84
2, 189841, Note_on_c, 0, 69, 0
2, 189847, Note_on_c, 0, 69, 90
2, 189903, Note_on_c, 0, 62, 0
2, 189903, Note_on_c, 0, 65, 0
2, 189907, Note_on_c, 0, 62, 84
2, 189911, Note_on_c, 0, 58, 0
2, 189913, Note_on_c, 0, 65, 90
2, 189919, Note_on_c, 0, 58, 86
2, 189995, Note_on_c, 0, 69, 0
2, 190003, Note_on_c, 0, 69, 94
2, 190033, Note_on_c, 0, 70, 0
2, 190045, Note_on_c, 0, 70, 91
2, 190087, Note_on_c, 0, 74, 0
2, 190097, Note_on_c, 0, 74, 106
2, 190110, Note_on_c, 0, 46, 0
2, 190114, Note_on_c, 0, 46, 91
2, 190156, Note_on_c, 0, 70, 0
2, 190166, Note_on_c, 0, 70, 89
2, 190241, Note_on_c, 0, 53, 0
2, 190241, Note_on_c, 0, 69, 0
2, 190246, Note_on_c, 0, 53, 71
2, 190247, Note_on_c, 0, 69, 95
2, 190310, Note_on_c, 0, 70, 0
2, 190317, Note_on_c, 0, 70, 92
2, 190341, Note_on_c, 0, 74, 0
2, 190345, Note_on_c, 0, 74, 106
2, 190348, Note_on_c, 0, 58, 0
2, 190348, Note_on_c, 0, 62, 0
2, 190353, Note_on_c, 0, 58, 92
2, 190355, Note_on_c, 0, 62, 100
2, 190412, Note_on_c, 0, 72, 91
2, 190440, Note_on_c, 0, 53, 0
2, 190450, Note_on_c, 0, 53, 77
2, 190479, Note_on_c, 0, 74, 0
2, 190489, Note_on_c, 0, 74, 92
2, 190544, Note_on_c, 0, 75, 81
2, 190550, Note_on_c, 0, 58, 0
2, 190551, Note_on_c, 0, 69, 0
2, 190551, Note_on_c, 0, 46, 0
2, 190551, Note_on_c, 0, 62, 0
2, 190551, Note_on_c, 0, 70, 0
2, 190552, Note_on_c, 0, 72, 0
2, 190552, Note_on_c, 0, 74, 0
2, 190554, Control_c, 0, 64, 0
2, 190556, Note_on_c, 0, 41, 0
2, 190563, Note_on_c, 0, 53, 0
2, 190563, Note_on_c, 0, 65, 0
2, 190590, Note_on_c, 0, 77, 111
2, 190598, Note_on_c, 0, 39, 90
2, 190617, Note_on_c, 0, 75, 0
2, 190640, Control_c, 0, 64, 127
2, 190659, Note_on_c, 0, 75, 91
2, 190696, Note_on_c, 0, 46, 60
2, 190697, Note_on_c, 0, 74, 95
2, 190768, Note_on_c, 0, 70, 89
2, 190826, Note_on_c, 0, 55, 82
2, 190828, Note_on_c, 0, 51, 68
2, 190848, Note_on_c, 0, 74, 0
2, 190852, Note_on_c, 0, 74, 89
2, 190901, Note_on_c, 0, 75, 0
2, 190907, Note_on_c, 0, 75, 92
2, 190955, Note_on_c, 0, 46, 0
2, 190955, Note_on_c, 0, 77, 0
2, 190958, Note_on_c, 0, 43, 76
2, 190961, Note_on_c, 0, 77, 110
2, 190962, Note_on_c, 0, 46, 92
2, 191001, Note_on_c, 0, 75, 0
2, 191007, Note_on_c, 0, 75, 69
2, 191047, Note_on_c, 0, 74, 0
2, 191059, Note_on_c, 0, 74, 89
2, 191086, Note_on_c, 0, 39, 0
2, 191097, Note_on_c, 0, 39, 79
2, 191109, Note_on_c, 0, 70, 0
2, 191115, Note_on_c, 0, 70, 92
2, 191185, Note_on_c, 0, 74, 0
2, 191193, Note_on_c, 0, 43, 0
2, 191193, Note_on_c, 0, 46, 0
2, 191196, Note_on_c, 0, 74, 85
2, 191200, Note_on_c, 0, 43, 66
2, 191201, Note_on_c, 0, 46, 77
2, 191232, Note_on_c, 0, 75, 0
2, 191242, Note_on_c, 0, 75, 86
2, 191293, Note_on_c, 0, 77, 0
2, 191302, Note_on_c, 0, 77, 99
2, 191316, Note_on_c, 0, 43, 0
2, 191324, Note_on_c, 0, 51, 0
2, 191324, Note_on_c, 0, 55, 0
2, 191327, Note_on_c, 0, 43, 79
2, 191333, Note_on_c, 0, 55, 84
2, 191334, Note_on_c, 0, 51, 88
2, 191339, Note_on_c, 0, 75, 0
2, 191344, Note_on_c, 0, 75, 97
2, 191439, Note_on_c, 0, 70, 0
2, 191450, Note_on_c, 0, 70, 88
2, 191462, Note_on_c, 0, 46, 0
2, 191473, Note_on_c, 0, 46, 76
2, 191553, Note_on_c, 0, 39, 0
2, 191554, Note_on_c, 0, 55, 0
2, 191555, Note_on_c, 0, 46, 0
2, 191556, Note_on_c, 0, 51, 0
2, 191556, Note_on_c, 0, 75, 0
2, 191558, Note_on_c, 0, 81, 113
2, 191558, Control_c, 0, 64, 0
2, 191562, Note_on_c, 0, 74, 0
2, 191562, Note_on_c, 0, 77, 0
2, 191569, Note_on_c, 0, 43, 0
2, 191569, Note_on_c, 0, 70, 0
2, 191574, Note_on_c, 0, 41, 85
2, 191634, Note_on_c, 0, 77, 93
2, 191639, Control_c, 0, 64, 127
2, 191689, Note_on_c, 0, 48, 63
2, 191693, Note_on_c, 0, 75, 95
2, 191760, Note_on_c, 0, 74, 93
2, 191804, Note_on_c, 0, 57, 91
2, 191810, Note_on_c, 0, 53, 74
2, 191823, Note_on_c, 0, 48, 0
2, 191831, Note_on_c, 0, 75, 0
2, 191833, Note_on_c, 0, 48, 40
2, 191838, Note_on_c, 0, 75, 98
2, 191877, Note_on_c, 0, 48, 0
2, 191882, Note_on_c, 0, 48, 50
2, 191890, Note_on_c, 0, 45, 66
2, 191907, Note_on_c, 0, 48, 0
2, 191911, Note_on_c, 0, 48, 62
2, 191938, Note_on_c, 0, 81, 0
2, 191946, Note_on_c, 0, 81, 113
2, 192007, Note_on_c, 0, 77, 0
2, 192015, Note_on_c, 0, 77, 90
2, 192046, Note_on_c, 0, 41, 0
2, 192050, Note_on_c, 0, 41, 87
2, 192053, Note_on_c, 0, 75, 0
2, 192061, Note_on_c, 0, 75, 97
2, 192122, Note_on_c, 0, 74, 0
2, 192133, Note_on_c, 0, 74, 93
2, 192192, Note_on_c, 0, 48, 0
2, 192199, Note_on_c, 0, 75, 0
2, 192203, Note_on_c, 0, 48, 70
2, 192203, Note_on_c, 0, 75, 92
2, 192230, Note_on_c, 0, 77, 0
2, 192240, Note_on_c, 0, 77, 85
2, 192284, Note_on_c, 0, 81, 0
2, 192290, Note_on_c, 0, 81, 110
2, 192299, Note_on_c, 0, 57, 0
2, 192303, Note_on_c, 0, 41, 0
2, 192304, Note_on_c, 0, 57, 96
2, 192314, Note_on_c, 0, 53, 0
2, 192324, Note_on_c, 0, 53, 71
2, 192324, Note_on_c, 0, 50, 58
2, 192330, Note_on_c, 0, 50, 0
2, 192337, Note_on_c, 0, 77, 0
2, 192343, Note_on_c, 0, 77, 101
2, 192407, Note_on_c, 0, 75, 0
2, 192411, Note_on_c, 0, 75, 100
2, 192430, Note_on_c, 0, 48, 0
2, 192433, Note_on_c, 0, 55, 74
2, 192434, Note_on_c, 0, 48, 71
2, 192483, Note_on_c, 0, 74, 0
2, 192494, Note_on_c, 0, 74, 76
2, 192520, Note_on_c, 0, 48, 0
2, 192522, Note_on_c, 0, 81, 0
2, 192522, Control_c, 0, 64, 0
2, 192522, Note_on_c, 0, 57, 0
2, 192523, Note_on_c, 0, 75, 0
2, 192523, Note_on_c, 0, 77, 0
2, 192529, Note_on_c, 0, 45, 0
2, 192545, Note_on_c, 0, 53, 0
2, 192547, Note_on_c, 0, 82, 113
2, 192552, Note_on_c, 0, 74, 0
2, 192555, Note_on_c, 0, 43, 91
2, 192560, Note_on_c, 0, 55, 0
2, 192599, Control_c, 0, 64, 127
2, 192600, Note_on_c, 0, 81, 97
2, 192675, Note_on_c, 0, 50, 69
2, 192694, Note_on_c, 0, 77, 86
2, 192749, Note_on_c, 0, 74, 89
2, 192783, Note_on_c, 0, 43, 0
2, 192791, Note_on_c, 0, 43, 75
2, 192792, Note_on_c, 0, 55, 80
2, 192796, Note_on_c, 0, 58, 90
2, 192798, Note_on_c, 0, 50, 0
2, 192808, Note_on_c, 0, 50, 64
2, 192814, Note_on_c, 0, 77, 0
2, 192821, Note_on_c, 0, 77, 85
2, 192867, Note_on_c, 0, 81, 0
2, 192878, Note_on_c, 0, 81, 70
2, 192913, Note_on_c, 0, 82, 0
2, 192921, Note_on_c, 0, 43, 0
2, 192921, Note_on_c, 0, 50, 0
2, 192921, Note_on_c, 0, 58, 0
2, 192924, Note_on_c, 0, 82, 109
2, 192927, Note_on_c, 0, 58, 86
2, 192928, Note_on_c, 0, 50, 77
2, 192930, Note_on_c, 0, 43, 81
2, 192967, Note_on_c, 0, 81, 0
2, 192978, Note_on_c, 0, 81, 70
2, 193044, Note_on_c, 0, 43, 0
2, 193052, Note_on_c, 0, 77, 0
2, 193054, Note_on_c, 0, 43, 88
2, 193056, Note_on_c, 0, 77, 85
2, 193105, Note_on_c, 0, 74, 0
2, 193113, Note_on_c, 0, 74, 88
2, 193144, Note_on_c, 0, 50, 0
2, 193150, Note_on_c, 0, 50, 80
2, 193152, Note_on_c, 0, 43, 0
2, 193155, Note_on_c, 0, 43, 63
2, 193182, Note_on_c, 0, 77, 0
2, 193187, Note_on_c, 0, 77, 76
2, 193274, Note_on_c, 0, 82, 0
2, 193282, Note_on_c, 0, 43, 0
2, 193283, Note_on_c, 0, 82, 106
2, 193290, Note_on_c, 0, 58, 0
2, 193290, Note_on_c, 0, 43, 80
2, 193297, Note_on_c, 0, 50, 0
2, 193297, Note_on_c, 0, 55, 0
2, 193299, Note_on_c, 0, 58, 92
2, 193302, Note_on_c, 0, 55, 76
2, 193308, Note_on_c, 0, 50, 73
2, 193351, Note_on_c, 0, 81, 0
2, 193356, Note_on_c, 0, 81, 87
2, 193397, Note_on_c, 0, 50, 0
2, 193405, Note_on_c, 0, 77, 0
2, 193409, Note_on_c, 0, 50, 85
2, 193410, Note_on_c, 0, 77, 90
2, 193466, Note_on_c, 0, 74, 0
2, 193472, Note_on_c, 0, 74, 93
2, 193528, Note_on_c, 0, 43, 0
2, 193536, Note_on_c, 0, 77, 0
2, 193536, Note_on_c, 0, 43, 85
2, 193547, Note_on_c, 0, 77, 86
2, 193582, Note_on_c, 0, 81, 0
2, 193588, Note_on_c, 0, 81, 80
2, 193635, Note_on_c, 0, 58, 0
2, 193635, Note_on_c, 0, 82, 0
2, 193643, Note_on_c, 0, 50, 0
2, 193644, Note_on_c, 0, 82, 111
2, 193645, Note_on_c, 0, 58, 83
2, 193652, Note_on_c, 0, 50, 81
2, 193681, Note_on_c, 0, 81, 0
2, 193692, Note_on_c, 0, 81, 84
2, 193781, Note_on_c, 0, 50, 0
2, 193781, Note_on_c, 0, 55, 0
2, 193781, Note_on_c, 0, 58, 0
2, 193781, Note_on_c, 0, 74, 0
2, 193786, Note_on_c, 0, 58, 86
2, 193786, Note_on_c, 0, 74, 92
2, 193788, Note_on_c, 0, 55, 85
2, 193789, Note_on_c, 0, 50, 72
2, 193843, Note_on_c, 0, 77, 0
2, 193851, Note_on_c, 0, 77, 87
2, 193881, Note_on_c, 0, 50, 0
2, 193886, Note_on_c, 0, 50, 68
2, 193943, Note_on_c, 0, 81, 0
2, 193948, Note_on_c, 0, 81, 108
2, 194004, Note_on_c, 0, 82, 0
2, 194012, Note_on_c, 0, 43, 0
2, 194015, Note_on_c, 0, 82, 110
2, 194018, Note_on_c, 0, 43, 83
2, 194073, Note_on_c, 0, 81, 0
2, 194084, Note_on_c, 0, 81, 107
2, 194104, Note_on_c, 0, 50, 0
2, 194109, Note_on_c, 0, 50, 75
2, 194142, Note_on_c, 0, 82, 0
2, 194154, Note_on_c, 0, 82, 107
2, 194224, Note_on_c, 0, 84, 105
2, 194242, Note_on_c, 0, 55, 0
2, 194242, Note_on_c, 0, 58, 0
2, 194250, Note_on_c, 0, 50, 0
2, 194251, Note_on_c, 0, 58, 93
2, 194252, Note_on_c, 0, 55, 75
2, 194255, Note_on_c, 0, 50, 66
2, 194277, Note_on_c, 0, 86, 96
2, 194307, Note_on_c, 0, 87, 95
2, 194342, Note_on_c, 0, 89, 102
2, 194350, Note_on_c, 0, 50, 0
2, 194354, Note_on_c, 0, 50, 83
2, 194367, Note_on_c, 0, 91, 106
2, 194488, Note_on_c, 0, 81, 0
2, 194497, Note_on_c, 0, 93, 117
2, 194498, Note_on_c, 0, 81, 116
2, 194503, Note_on_c, 0, 82, 0
2, 194503, Note_on_c, 0, 86, 0
2, 194504, Note_on_c, 0, 41, 99
2, 194506, Note_on_c, 0, 38, 95
2, 194508, Note_on_c, 0, 86, 103
2, 194511, Note_on_c, 0, 82, 108
2, 194611, Note_on_c, 0, 93, 0
2, 194618, Note_on_c, 0, 38, 0
2, 194618, Note_on_c, 0, 43, 0
2, 194618, Note_on_c, 0, 81, 0
2, 194621, Note_on_c, 0, 93, 111
2, 194623, Note_on_c, 0, 81, 105
2, 194625, Note_on_c, 0, 38, 88
2, 194626, Note_on_c, 0, 50, 0
2, 194626, Note_on_c, 0, 82, 0
2, 194628, Note_on_c, 0, 43, 100
2, 194630, Note_on_c, 0, 53, 101
2, 194633, Note_on_c, 0, 82, 99
2, 194636, Note_on_c, 0, 50, 81
2, 194639, Note_on_c, 0, 91, 0
2, 194640, Note_on_c, 0, 89, 0
2, 194640, Note_on_c, 0, 58, 0
2, 194640, Note_on_c, 0, 87, 0
2, 194640, Control_c, 0, 64, 0
2, 194640, Note_on_c, 0, 84, 0
2, 194641, Note_on_c, 0, 41, 0
2, 194641, Note_on_c, 0, 55, 0
2, 194642, Note_on_c, 0, 74, 0
2, 194664, Note_on_c, 0, 77, 0
2, 194672, Note_on_c, 0, 38, 0
2, 194672, Note_on_c, 0, 53, 0
2, 194680, Note_on_c, 0, 50, 0
2, 194703, Control_c, 0, 64, 127
2, 194718, Note_on_c, 0, 43, 0
2, 194741, Note_on_c, 0, 81, 0
2, 194741, Note_on_c, 0, 93, 0
2, 194750, Note_on_c, 0, 81, 110
2, 194752, Note_on_c, 0, 93, 107
2, 194754, Note_on_c, 0, 43, 93
2, 194754, Note_on_c, 0, 50, 90
2, 194756, Note_on_c, 0, 38, 86
2, 194757, Note_on_c, 0, 82, 0
2, 194760, Note_on_c, 0, 53, 93
2, 194761, Note_on_c, 0, 82, 94
2, 194761, Note_on_c, 0, 41, 84
2, 194764, Note_on_c, 0, 38, 0
2, 195012, Note_on_c, 0, 103, 103
2, 195014, Note_on_c, 0, 101, 106
2, 195018, Note_on_c, 0, 103, 0
2, 195035, Note_on_c, 0, 100, 100
2, 195059, Note_on_c, 0, 98, 96
2, 195070, Note_on_c, 0, 96, 106
2, 195079, Note_on_c, 0, 93, 0
2, 195084, Note_on_c, 0, 95, 100
2, 195090, Note_on_c, 0, 93, 100
2, 195103, Note_on_c, 0, 91, 92
2, 195106, Note_on_c, 0, 89, 96
2, 195110, Note_on_c, 0, 86, 0
2, 195116, Note_on_c, 0, 86, 85
2, 195123, Note_on_c, 0, 84, 98
2, 195133, Note_on_c, 0, 81, 0
2, 195139, Note_on_c, 0, 83, 94
2, 195144, Note_on_c, 0, 81, 88
2, 195149, Note_on_c, 0, 79, 93
2, 195175, Note_on_c, 0, 77, 92
2, 195180, Note_on_c, 0, 76, 91
2, 195188, Note_on_c, 0, 74, 92
2, 195205, Note_on_c, 0, 72, 90
2, 195220, Note_on_c, 0, 71, 77
2, 195229, Note_on_c, 0, 69, 73
2, 195236, Note_on_c, 0, 67, 85
2, 195250, Note_on_c, 0, 65, 92
2, 195251, Note_on_c, 0, 64, 82
2, 195267, Note_on_c, 0, 62, 88
2, 195289, Note_on_c, 0, 60, 75
2, 195296, Note_on_c, 0, 59, 79
2, 195440, Note_on_c, 0, 62, 0
2, 195448, Note_on_c, 0, 53, 0
2, 195448, Note_on_c, 0, 65, 0
2, 195451, Note_on_c, 0, 62, 113
2, 195456, Note_on_c, 0, 43, 0
2, 195458, Note_on_c, 0, 53, 102
2, 195459, Note_on_c, 0, 65, 101
2, 195459, Note_on_c, 0, 58, 100
2, 195463, Note_on_c, 0, 57, 101
2, 195463, Note_on_c, 0, 43, 98
2, 195464, Note_on_c, 0, 34, 93
2, 195467, Note_on_c, 0, 31, 96
2, 195467, Note_on_c, 0, 38, 96
2, 195491, Note_on_c, 0, 95, 0
2, 195492, Note_on_c, 0, 91, 0
2, 195494, Note_on_c, 0, 83, 0
2, 195495, Note_on_c, 0, 86, 0
2, 195495, Note_on_c, 0, 96, 0
2, 195495, Note_on_c, 0, 84, 0
2, 195495, Note_on_c, 0, 100, 0
2, 195495, Note_on_c, 0, 69, 0
2, 195496, Note_on_c, 0, 82, 0
2, 195496, Note_on_c, 0, 79, 0
2, 195496, Note_on_c, 0, 101, 0
2, 195496, Note_on_c, 0, 59, 0
2, 195497, Note_on_c, 0, 76, 0
2, 195497, Note_on_c, 0, 64, 0
2, 195497, Note_on_c, 0, 81, 0
2, 195497, Note_on_c, 0, 72, 0
2, 195497, Note_on_c, 0, 67, 0
2, 195497, Note_on_c, 0, 98, 0
2, 195498, Note_on_c, 0, 74, 0
2, 195498, Note_on_c, 0, 50, 0
2, 195498, Note_on_c, 0, 65, 0
2, 195498, Note_on_c, 0, 77, 0
2, 195498, Note_on_c, 0, 53, 0
2, 195500, Control_c, 0, 64, 0
2, 195502, Note_on_c, 0, 34, 0
2, 195509, Note_on_c, 0, 41, 0
2, 195509, Note_on_c, 0, 60, 0
2, 195509, Note_on_c, 0, 71, 0
2, 195509, Note_on_c, 0, 89, 0
2, 195509, Note_on_c, 0, 93, 0
2, 195517, Note_on_c, 0, 57, 0
2, 196270, Control_c, 0, 64, 127
2, 197760, Note_on_c, 0, 31, 0
2, 197760, Note_on_c, 0, 38, 0
2, 197760, Note_on_c, 0, 43, 0
2, 197760, Note_on_c, 0, 58, 0
2, 197760, Note_on_c, 0, 62, 0
2, 198273, Note_on_c, 0, 43, 58
2, 198277, Note_on_c, 0, 31, 54
2, 198333, Note_on_c, 0, 38, 77
2, 198382, Note_on_c, 0, 31, 0
2, 198392, Note_on_c, 0, 31, 84
2, 198442, Control_c, 0, 64, 0
2, 198512, Note_on_c, 0, 38, 0
2, 198589, Note_on_c, 0, 31, 0
2, 198604, Note_on_c, 0, 43, 0
2, 198605, End_track
0, 0, End_of_file
